#Layer_Color=16711935
#
#Feature symbol names
#
$0 r7.874
$1 r3.937

#
#Feature attribute names
#

#
#Layer features
#
L 1.050708 7.344724 1.050708 7.738426 1 P 0
L 1.050708 7.344724 1.37748 7.344724 1 P 0
L 1.050708 7.738426 1.37748 7.738426 1 P 0
L 1.050708 7.95666 1.050708 8.35036 1 P 0
L 1.050708 7.95666 1.37748 7.95666 1 P 0
L 1.050708 8.35036 1.37748 8.35036 1 P 0
L 1.065708 5.014724 1.065708 5.408426 1 P 0
L 1.065708 5.014724 1.39248 5.014724 1 P 0
L 1.065708 5.408426 1.39248 5.408426 1 P 0
L 1.176574 2.655708 1.176574 2.98248 1 P 0
L 1.176574 2.655708 1.570276 2.655708 1 P 0
L 1.176574 2.98248 1.570276 2.98248 1 P 0
L 1.37748 7.344724 1.37748 7.738426 1 P 0
L 1.37748 7.95666 1.37748 8.35036 1 P 0
L 1.39248 5.014724 1.39248 5.408426 1 P 0
L 1.44626 5.530708 1.44626 6.39685 0 P 0
L 1.44626 5.530708 2.076182 5.530708 0 P 0
L 1.44626 6.39685 2.076182 6.39685 0 P 0
L 1.510078 8.035078 1.510078 8.294922 0 P 0
L 1.510078 8.035078 1.769922 8.035078 0 P 0
L 1.510078 8.294922 1.769922 8.294922 0 P 0
L 1.52752 5.00941 1.52752 5.06059 1 P 0
L 1.52752 5.00941 1.64248 5.00941 1 P 0
L 1.52752 5.06059 1.64248 5.06059 1 P 0
L 1.56752 5.225424 1.56752 5.461644 1 P 0
L 1.56752 5.225424 1.88248 5.225424 1 P 0
L 1.56752 5.461644 1.88248 5.461644 1 P 0
L 1.570276 2.655708 1.570276 2.98248 1 P 0
L 1.604882 5.06059 1.64248 5.022992 1 P 0
L 1.626772 6.615708 1.626772 7.75744 0 P 0
L 1.626772 6.615708 2.473228 6.615708 0 P 0
L 1.626772 7.75744 2.473228 7.75744 0 P 0
L 1.64248 5.00941 1.64248 5.06059 1 P 0
L 1.769922 8.035078 1.769922 8.294922 0 P 0
L 1.8263 3.749962 1.8263 3.818858 1 P 0
L 1.8263 3.749962 1.8637 3.749962 1 P 0
L 1.8263 3.818858 1.8637 3.818858 1 P 0
L 1.837204 5.225424 1.88248 5.270698 1 P 0
L 1.839724 2.655708 1.839724 2.98248 1 P 0
L 1.839724 2.655708 2.233426 2.655708 1 P 0
L 1.839724 2.98248 2.233426 2.98248 1 P 0
L 1.8637 3.749962 1.8637 3.818858 1 P 0
L 1.88248 5.225424 1.88248 5.461644 1 P 0
L 1.959448 3.622048 1.959448 3.877952 1 P 0
L 1.959448 3.622048 2.740552 3.622048 1 P 0
L 1.959448 3.877952 2.740552 3.877952 1 P 0
L 1.9612598 8.1950394 1.9612598 8.4349606 0 P 0
L 1.9612598 8.1950394 2.2187402 8.1950394 0 P 0
L 1.9612598 8.4349606 2.2187402 8.4349606 0 P 0
L 2.06252 4.071024 2.06252 4.198976 1 P 0
L 2.06252 4.071024 2.12748 4.071024 1 P 0
L 2.06252 4.198976 2.12748 4.198976 1 P 0
L 2.06252 4.271024 2.06252 4.398976 1 P 0
L 2.06252 4.271024 2.12748 4.271024 1 P 0
L 2.06252 4.398976 2.12748 4.398976 1 P 0
L 2.076182 5.530708 2.076182 6.39685 0 P 0
L 2.12748 4.071024 2.12748 4.198976 1 P 0
L 2.12748 4.271024 2.12748 4.398976 1 P 0
L 2.19252 6.18189 2.19252 6.41811 1 P 0
L 2.19252 6.18189 2.50748 6.18189 1 P 0
L 2.19252 6.41811 2.50748 6.41811 1 P 0
L 2.2187402 8.1950394 2.2187402 8.4349606 0 P 0
L 2.233426 2.655708 2.233426 2.98248 1 P 0
L 2.26752 4.071024 2.26752 4.198976 1 P 0
L 2.26752 4.071024 2.33248 4.071024 1 P 0
L 2.26752 4.198976 2.33248 4.198976 1 P 0
L 2.26752 4.271024 2.26752 4.398976 1 P 0
L 2.26752 4.271024 2.33248 4.271024 1 P 0
L 2.26752 4.398976 2.33248 4.398976 1 P 0
L 2.33248 4.071024 2.33248 4.198976 1 P 0
L 2.33248 4.271024 2.33248 4.398976 1 P 0
L 2.441574 8.10252 2.441574 8.429292 1 P 0
L 2.441574 8.10252 2.835276 8.10252 1 P 0
L 2.441574 8.429292 2.835276 8.429292 1 P 0
L 2.462204 6.18189 2.50748 6.227166 1 P 0
L 2.46252 4.071024 2.46252 4.198976 1 P 0
L 2.46252 4.071024 2.52748 4.071024 1 P 0
L 2.46252 4.198976 2.52748 4.198976 1 P 0
L 2.46252 4.271024 2.46252 4.398976 1 P 0
L 2.46252 4.271024 2.52748 4.271024 1 P 0
L 2.46252 4.398976 2.52748 4.398976 1 P 0
L 2.473228 6.615708 2.473228 7.75744 0 P 0
L 2.50748 6.18189 2.50748 6.41811 1 P 0
L 2.52748 4.071024 2.52748 4.198976 1 P 0
L 2.52748 4.271024 2.52748 4.398976 1 P 0
L 2.583662 7.739686 2.583662 7.950316 1 P 0
L 2.583662 7.739686 2.726338 7.739686 1 P 0
L 2.583662 7.950316 2.726338 7.950316 1 P 0
L 2.640552 3.877952 2.740552 3.777952 1 P 0
L 2.644724 2.655708 2.644724 2.98248 1 P 0
L 2.644724 2.655708 3.038426 2.655708 1 P 0
L 2.644724 2.98248 3.038426 2.98248 1 P 0
L 2.66252 4.071024 2.66252 4.198976 1 P 0
L 2.66252 4.071024 2.72748 4.071024 1 P 0
L 2.66252 4.198976 2.72748 4.198976 1 P 0
L 2.66252 4.271024 2.66252 4.398976 1 P 0
L 2.66252 4.271024 2.72748 4.271024 1 P 0
L 2.66252 4.398976 2.72748 4.398976 1 P 0
L 2.726338 7.739686 2.726338 7.950316 1 P 0
L 2.72748 4.071024 2.72748 4.198976 1 P 0
L 2.72748 4.271024 2.72748 4.398976 1 P 0
L 2.740552 3.622048 2.740552 3.877952 1 P 0
L 2.766388 7.763504 2.766388 7.826496 1 P 0
L 2.766388 7.763504 2.880562 7.763504 1 P 0
L 2.766388 7.800906 2.80379 7.763504 1 P 0
L 2.766388 7.826496 2.880562 7.826496 1 P 0
L 2.780552 7.9013 2.780552 7.9387 1 P 0
L 2.780552 7.9013 2.849448 7.9013 1 P 0
L 2.780552 7.9387 2.849448 7.9387 1 P 0
L 2.835276 8.10252 2.835276 8.429292 1 P 0
L 2.849448 7.9013 2.849448 7.9387 1 P 0
L 2.880562 7.763504 2.880562 7.826496 1 P 0
L 2.917146 7.72307 2.917146 7.85693 1 P 0
L 2.917146 7.72307 2.988012 7.72307 1 P 0
L 2.917146 7.85693 2.988012 7.85693 1 P 0
L 2.961614 6.441614 2.961614 6.768386 1 P 0
L 2.961614 6.441614 3.206692 6.441614 1 P 0
L 2.961614 6.768386 3.206692 6.768386 1 P 0
L 2.988012 7.72307 2.988012 7.85693 1 P 0
L 3.000984 5.045984 3.000984 5.294016 1 P 0
L 3.000984 5.045984 3.187008 5.045984 1 P 0
L 3.038426 2.655708 3.038426 2.98248 1 P 0
L 3.051172 7.65689 3.051172 7.89311 0 P 0
L 3.051172 7.65689 3.287392 7.65689 0 P 0
L 3.051172 7.89311 3.287392 7.89311 0 P 0
L 3.187008 5.045984 3.249016 5.107992 1 P 0
L 3.187008 5.294016 3.249016 5.232008 1 P 0
L 3.206692 6.441614 3.288386 6.523308 1 P 0
L 3.206692 6.768386 3.288386 6.686692 1 P 0
L 3.249016 5.107992 3.249016 5.232008 1 P 0
L 3.287392 7.65689 3.287392 7.89311 0 P 0
L 3.288386 6.523308 3.288386 6.686692 1 P 0
L 3.344724 2.655708 3.344724 2.98248 1 P 0
L 3.344724 2.655708 3.738426 2.655708 1 P 0
L 3.344724 2.98248 3.738426 2.98248 1 P 0
L 3.351644 7.596692 3.351644 7.683308 1 P 0
L 3.351644 7.596692 3.404794 7.596692 1 P 0
L 3.351644 7.683308 3.404794 7.683308 1 P 0
L 3.35252 7.750906 3.35252 7.878858 1 P 0
L 3.35252 7.750906 3.41748 7.750906 1 P 0
L 3.35252 7.878858 3.41748 7.878858 1 P 0
L 3.3713 6.965552 3.3713 7.034448 1 P 0
L 3.3713 6.965552 3.4087 6.965552 1 P 0
L 3.3713 7.034448 3.4087 7.034448 1 P 0
L 3.404794 7.596692 3.404794 7.683308 1 P 0
L 3.4087 6.965552 3.4087 7.034448 1 P 0
L 3.41748 7.750906 3.41748 7.878858 1 P 0
L 3.438426 7.596692 3.438426 7.683308 1 P 0
L 3.438426 7.596692 3.491574 7.596692 1 P 0
L 3.438426 7.683308 3.491574 7.683308 1 P 0
L 3.46752 7.17689 3.46752 7.41311 1 P 0
L 3.46752 7.17689 3.78248 7.17689 1 P 0
L 3.46752 7.41311 3.78248 7.41311 1 P 0
L 3.469252 7.808976 3.469252 7.871968 0 P 0
L 3.469252 7.808976 3.500748 7.808976 0 P 0
L 3.469252 7.871968 3.500748 7.871968 0 P 0
L 3.491574 7.596692 3.491574 7.683308 1 P 0
L 3.500748 7.808976 3.500748 7.871968 0 P 0
L 3.518228 6.858544 3.518228 7.051456 1 P 0
L 3.518228 6.858544 3.671772 6.858544 1 P 0
L 3.518228 7.001456 3.568228 7.051456 1 P 0
L 3.518228 7.051456 3.671772 7.051456 1 P 0
L 3.6563 7.805552 3.6563 7.874448 1 P 0
L 3.6563 7.805552 3.6937 7.805552 1 P 0
L 3.6563 7.874448 3.6937 7.874448 1 P 0
L 3.671772 6.858544 3.671772 7.051456 1 P 0
L 3.6937 7.805552 3.6937 7.874448 1 P 0
L 3.737204 7.17689 3.78248 7.222166 1 P 0
L 3.738426 2.655708 3.738426 2.98248 1 P 0
L 3.7763 6.953976 3.7763 7.022874 1 P 0
L 3.7763 6.953976 3.8137 6.953976 1 P 0
L 3.7763 7.022874 3.8137 7.022874 1 P 0
L 3.78248 7.17689 3.78248 7.41311 1 P 0
L 3.812638 5.552638 3.812638 5.757362 0 P 0
L 3.812638 5.552638 4.017362 5.552638 0 P 0
L 3.812638 5.757362 4.017362 5.757362 0 P 0
L 3.8137 6.953976 3.8137 7.022874 1 P 0
L 3.966732 5.459094 3.966732 5.470906 0 P 0
L 3.966732 5.459094 3.990354 5.459094 0 P 0
L 3.966732 5.470906 3.990354 5.470906 0 P 0
L 3.990354 5.459094 3.990354 5.470906 0 P 0
L 4.017362 5.552638 4.017362 5.757362 0 P 0
L 4.08752 6.071024 4.08752 6.198976 1 P 0
L 4.08752 6.071024 4.15248 6.071024 1 P 0
L 4.08752 6.198976 4.15248 6.198976 1 P 0
L 4.1163 3.160552 4.1163 3.229448 1 P 0
L 4.1163 3.160552 4.1537 3.160552 1 P 0
L 4.1163 3.229448 4.1537 3.229448 1 P 0
L 4.135944 2.940424 4.135944 3.058534 1 P 0
L 4.135944 2.940424 4.254056 2.940424 1 P 0
L 4.135944 2.966014 4.161536 2.940424 1 P 0
L 4.135944 3.058534 4.254056 3.058534 1 P 0
L 4.1413 2.704852 4.1413 2.77375 1 P 0
L 4.1413 2.704852 4.1787 2.704852 1 P 0
L 4.1413 2.77375 4.1787 2.77375 1 P 0
L 4.15248 6.071024 4.15248 6.198976 1 P 0
L 4.1537 3.160552 4.1537 3.229448 1 P 0
L 4.165552 2.625944 4.165552 2.663346 1 P 0
L 4.165552 2.625944 4.234448 2.625944 1 P 0
L 4.165552 2.663346 4.234448 2.663346 1 P 0
L 4.165552 2.815256 4.165552 2.852658 1 P 0
L 4.165552 2.815256 4.234448 2.815256 1 P 0
L 4.165552 2.852658 4.234448 2.852658 1 P 0
L 4.1787 2.704852 4.1787 2.77375 1 P 0
L 4.1913 3.15496 4.1913 3.223858 1 P 0
L 4.1913 3.15496 4.2287 3.15496 1 P 0
L 4.1913 3.223858 4.2287 3.223858 1 P 0
L 4.1913 6.065552 4.1913 6.134448 1 P 0
L 4.1913 6.065552 4.2287 6.065552 1 P 0
L 4.1913 6.134448 4.2287 6.134448 1 P 0
L 4.194724 8.12252 4.194724 8.449292 1 P 0
L 4.194724 8.12252 4.588426 8.12252 1 P 0
L 4.194724 8.449292 4.588426 8.449292 1 P 0
L 4.216112 2.704852 4.216112 2.77375 1 P 0
L 4.216112 2.704852 4.253514 2.704852 1 P 0
L 4.216112 2.77375 4.253514 2.77375 1 P 0
L 4.2287 3.15496 4.2287 3.223858 1 P 0
L 4.2287 6.065552 4.2287 6.134448 1 P 0
L 4.2313 5.670552 4.2313 5.739448 1 P 0
L 4.2313 5.670552 4.2687 5.670552 1 P 0
L 4.2313 5.739448 4.2687 5.739448 1 P 0
L 4.234448 2.625944 4.234448 2.663346 1 P 0
L 4.234448 2.815256 4.234448 2.852658 1 P 0
L 4.253504 5.784252 4.253504 5.815748 1 P 0
L 4.253504 5.784252 4.316496 5.784252 1 P 0
L 4.253504 5.815748 4.316496 5.815748 1 P 0
L 4.253514 2.704852 4.253514 2.77375 1 P 0
L 4.254056 2.940424 4.254056 3.058534 1 P 0
L 4.26252 7.891024 4.26252 8.018976 1 P 0
L 4.26252 7.891024 4.32748 7.891024 1 P 0
L 4.26252 8.018976 4.32748 8.018976 1 P 0
L 4.2687 5.670552 4.2687 5.739448 1 P 0
L 4.2763 7.720552 4.2763 7.789448 1 P 0
L 4.2763 7.720552 4.3137 7.720552 1 P 0
L 4.2763 7.789448 4.3137 7.789448 1 P 0
L 4.2913 3.085552 4.2913 3.154448 1 P 0
L 4.2913 3.085552 4.3287 3.085552 1 P 0
L 4.2913 3.154448 4.3287 3.154448 1 P 0
L 4.2963 2.708976 4.2963 2.777874 1 P 0
L 4.2963 2.708976 4.3337 2.708976 1 P 0
L 4.2963 2.777874 4.3337 2.777874 1 P 0
L 4.3137 7.720552 4.3137 7.789448 1 P 0
L 4.316496 5.784252 4.316496 5.815748 1 P 0
L 4.32748 7.891024 4.32748 8.018976 1 P 0
L 4.3287 3.085552 4.3287 3.154448 1 P 0
L 4.3337 2.708976 4.3337 2.777874 1 P 0
L 4.334212 4.191024 4.334212 4.318976 1 P 0
L 4.334212 4.191024 4.399174 4.191024 1 P 0
L 4.334212 4.318976 4.399174 4.318976 1 P 0
L 4.340944 4.028504 4.340944 4.091496 0 P 0
L 4.340944 4.028504 4.37244 4.028504 0 P 0
L 4.340944 4.091496 4.37244 4.091496 0 P 0
L 4.37244 4.028504 4.37244 4.091496 0 P 0
L 4.37374 5.735552 4.37374 5.804448 1 P 0
L 4.37374 5.735552 4.411142 5.735552 1 P 0
L 4.37374 5.804448 4.411142 5.804448 1 P 0
L 4.3763 6.165552 4.3763 6.234448 1 P 0
L 4.3763 6.165552 4.4137 6.165552 1 P 0
L 4.3763 6.234448 4.4137 6.234448 1 P 0
L 4.3813 5.995552 4.3813 6.064448 1 P 0
L 4.3813 5.995552 4.4187 5.995552 1 P 0
L 4.3813 6.064448 4.4187 6.064448 1 P 0
L 4.399174 4.191024 4.399174 4.318976 1 P 0
L 4.411142 5.735552 4.411142 5.804448 1 P 0
L 4.4137 6.165552 4.4137 6.234448 1 P 0
L 4.4187 5.995552 4.4187 6.064448 1 P 0
L 4.4313 6.295552 4.4313 6.364448 1 P 0
L 4.4313 6.295552 4.4687 6.295552 1 P 0
L 4.4313 6.364448 4.4687 6.364448 1 P 0
L 4.4413 5.860552 4.4413 5.929448 1 P 0
L 4.4413 5.860552 4.4787 5.860552 1 P 0
L 4.4413 5.929448 4.4787 5.929448 1 P 0
L 4.444774 5.735552 4.444774 5.804448 1 P 0
L 4.444774 5.735552 4.482176 5.735552 1 P 0
L 4.444774 5.804448 4.482176 5.804448 1 P 0
L 4.4513 6.165552 4.4513 6.234448 1 P 0
L 4.4513 6.165552 4.4887 6.165552 1 P 0
L 4.4513 6.234448 4.4887 6.234448 1 P 0
L 4.452332 5.995552 4.452332 6.064448 1 P 0
L 4.452332 5.995552 4.489734 5.995552 1 P 0
L 4.452332 6.064448 4.489734 6.064448 1 P 0
L 4.4687 6.295552 4.4687 6.364448 1 P 0
L 4.4787 5.860552 4.4787 5.929448 1 P 0
L 4.482176 5.735552 4.482176 5.804448 1 P 0
L 4.4887 6.165552 4.4887 6.234448 1 P 0
L 4.489734 5.995552 4.489734 6.064448 1 P 0
L 4.580452 5.86941 4.580452 6.42059 1 P 0
L 4.580452 5.86941 5.131634 5.86941 1 P 0
L 4.580452 6.400906 4.600138 6.42059 1 P 0
L 4.580452 6.42059 5.131634 6.42059 1 P 0
L 4.580552 5.6663 4.580552 5.7037 1 P 0
L 4.580552 5.6663 4.649448 5.6663 1 P 0
L 4.580552 5.7037 4.649448 5.7037 1 P 0
L 4.580552 5.7413 4.580552 5.7787 1 P 0
L 4.580552 5.7413 4.649448 5.7413 1 P 0
L 4.580552 5.7787 4.649448 5.7787 1 P 0
L 4.588426 8.12252 4.588426 8.449292 1 P 0
L 4.610552 6.5113 4.610552 6.5487 1 P 0
L 4.610552 6.5113 4.679448 6.5113 1 P 0
L 4.610552 6.5487 4.679448 6.5487 1 P 0
L 4.610552 6.5863 4.610552 6.6237 1 P 0
L 4.610552 6.5863 4.679448 6.5863 1 P 0
L 4.610552 6.6237 4.679448 6.6237 1 P 0
L 4.6463 7.031712 4.6463 7.10061 1 P 0
L 4.6463 7.031712 4.6837 7.031712 1 P 0
L 4.6463 7.10061 4.6837 7.10061 1 P 0
L 4.649448 5.6663 4.649448 5.7037 1 P 0
L 4.649448 5.7413 4.649448 5.7787 1 P 0
L 4.679448 6.5113 4.679448 6.5487 1 P 0
L 4.679448 6.5863 4.679448 6.6237 1 P 0
L 4.6837 7.031712 4.6837 7.10061 1 P 0
L 4.7413 6.725552 4.7413 6.794448 1 P 0
L 4.7413 6.725552 4.7787 6.725552 1 P 0
L 4.7413 6.794448 4.7787 6.794448 1 P 0
L 4.745552 6.5963 4.745552 6.6337 1 P 0
L 4.745552 6.5963 4.814448 6.5963 1 P 0
L 4.745552 6.6337 4.814448 6.6337 1 P 0
L 4.7563 7.031712 4.7563 7.10061 1 P 0
L 4.7563 7.031712 4.7937 7.031712 1 P 0
L 4.7563 7.10061 4.7937 7.10061 1 P 0
L 4.7787 6.725552 4.7787 6.794448 1 P 0
L 4.7937 7.031712 4.7937 7.10061 1 P 0
L 4.814448 6.5963 4.814448 6.6337 1 P 0
L 4.8563 7.031712 4.8563 7.10061 1 P 0
L 4.8563 7.031712 4.8937 7.031712 1 P 0
L 4.8563 7.10061 4.8937 7.10061 1 P 0
L 4.8937 7.031712 4.8937 7.10061 1 P 0
L 4.972598 6.71563 4.972598 6.79437 1 P 0
L 4.972598 6.71563 5.02181 6.71563 1 P 0
L 4.972598 6.76878 4.998188 6.79437 1 P 0
L 4.972598 6.79437 5.02181 6.79437 1 P 0
L 5.0213 5.685552 5.0213 5.754448 1 P 0
L 5.0213 5.685552 5.0587 5.685552 1 P 0
L 5.0213 5.754448 5.0587 5.754448 1 P 0
L 5.02181 6.71563 5.02181 6.79437 1 P 0
L 5.0563 7.031712 5.0563 7.10061 1 P 0
L 5.0563 7.031712 5.0937 7.031712 1 P 0
L 5.0563 7.10061 5.0937 7.10061 1 P 0
L 5.0587 5.685552 5.0587 5.754448 1 P 0
L 5.084724 8.12252 5.084724 8.449292 1 P 0
L 5.084724 8.12252 5.478426 8.12252 1 P 0
L 5.084724 8.449292 5.478426 8.449292 1 P 0
L 5.0937 7.031712 5.0937 7.10061 1 P 0
L 5.109144 5.6663 5.109144 5.7037 1 P 0
L 5.109144 5.6663 5.178042 5.6663 1 P 0
L 5.109144 5.7037 5.178042 5.7037 1 P 0
L 5.109144 5.7413 5.109144 5.7787 1 P 0
L 5.109144 5.7413 5.178042 5.7413 1 P 0
L 5.109144 5.7787 5.178042 5.7787 1 P 0
L 5.131634 5.86941 5.131634 6.42059 1 P 0
L 5.15252 7.896024 5.15252 8.023976 1 P 0
L 5.15252 7.896024 5.21748 7.896024 1 P 0
L 5.15252 8.023976 5.21748 8.023976 1 P 0
L 5.1663 7.720552 5.1663 7.789448 1 P 0
L 5.1663 7.720552 5.2037 7.720552 1 P 0
L 5.1663 7.789448 5.2037 7.789448 1 P 0
L 5.178042 5.6663 5.178042 5.7037 1 P 0
L 5.178042 5.7413 5.178042 5.7787 1 P 0
L 5.2037 7.720552 5.2037 7.789448 1 P 0
L 5.21748 7.896024 5.21748 8.023976 1 P 0
L 5.224232 6.100552 5.224232 6.169448 1 P 0
L 5.224232 6.100552 5.261634 6.100552 1 P 0
L 5.224232 6.169448 5.261634 6.169448 1 P 0
L 5.225266 6.374144 5.225266 6.443042 1 P 0
L 5.225266 6.374144 5.262668 6.374144 1 P 0
L 5.225266 6.443042 5.262668 6.443042 1 P 0
L 5.245552 6.2913 5.245552 6.3287 1 P 0
L 5.245552 6.2913 5.314448 6.2913 1 P 0
L 5.245552 6.3287 5.314448 6.3287 1 P 0
L 5.261634 6.100552 5.261634 6.169448 1 P 0
L 5.262668 6.374144 5.262668 6.443042 1 P 0
L 5.295266 6.100552 5.295266 6.169448 1 P 0
L 5.295266 6.100552 5.332668 6.100552 1 P 0
L 5.295266 6.169448 5.332668 6.169448 1 P 0
L 5.2963 6.374144 5.2963 6.443042 1 P 0
L 5.2963 6.374144 5.3337 6.374144 1 P 0
L 5.2963 6.443042 5.3337 6.443042 1 P 0
L 5.314448 6.2913 5.314448 6.3287 1 P 0
L 5.320906 5.91567 5.320906 5.98063 1 P 0
L 5.320906 5.91567 5.448858 5.91567 1 P 0
L 5.320906 5.98063 5.448858 5.98063 1 P 0
L 5.3213 3.255552 5.3213 3.324448 1 P 0
L 5.3213 3.255552 5.358702 3.255552 1 P 0
L 5.3213 3.324448 5.358702 3.324448 1 P 0
L 5.332668 6.100552 5.332668 6.169448 1 P 0
L 5.3337 6.374144 5.3337 6.443042 1 P 0
L 5.358702 3.255552 5.358702 3.324448 1 P 0
L 5.3663 6.100552 5.3663 6.169448 1 P 0
L 5.3663 6.100552 5.4037 6.100552 1 P 0
L 5.3663 6.169448 5.4037 6.169448 1 P 0
L 5.4037 6.100552 5.4037 6.169448 1 P 0
L 5.439606 2.655552 5.439606 2.724448 1 P 0
L 5.439606 2.655552 5.477008 2.655552 1 P 0
L 5.439606 2.724448 5.477008 2.724448 1 P 0
L 5.448858 5.91567 5.448858 5.98063 1 P 0
L 5.477008 2.655552 5.477008 2.724448 1 P 0
L 5.478426 8.12252 5.478426 8.449292 1 P 0
L 5.479606 3.055552 5.479606 3.124448 1 P 0
L 5.479606 3.055552 5.517008 3.055552 1 P 0
L 5.479606 3.124448 5.517008 3.124448 1 P 0
L 5.514252 2.746802 5.514252 2.864912 1 P 0
L 5.514252 2.746802 5.632362 2.746802 1 P 0
L 5.514252 2.864912 5.632362 2.864912 1 P 0
L 5.517008 3.055552 5.517008 3.124448 1 P 0
L 5.525552 3.1763 5.525552 3.2137 1 P 0
L 5.525552 3.1763 5.594448 3.1763 1 P 0
L 5.525552 3.2137 5.594448 3.2137 1 P 0
L 5.545552 2.6163 5.545552 2.6537 1 P 0
L 5.545552 2.6163 5.61445 2.6163 1 P 0
L 5.545552 2.6537 5.61445 2.6537 1 P 0
L 5.548858 2.9563 5.548858 2.9937 1 P 0
L 5.548858 2.9563 5.617756 2.9563 1 P 0
L 5.548858 2.9937 5.617756 2.9937 1 P 0
L 5.594448 3.1763 5.594448 3.2137 1 P 0
L 5.606772 2.864912 5.632362 2.83932 1 P 0
L 5.61445 2.6163 5.61445 2.6537 1 P 0
L 5.617756 2.9563 5.617756 2.9937 1 P 0
L 5.621674 3.055552 5.621674 3.124448 1 P 0
L 5.621674 3.055552 5.659076 3.055552 1 P 0
L 5.621674 3.124448 5.659076 3.124448 1 P 0
L 5.632362 2.746802 5.632362 2.864912 1 P 0
L 5.659076 3.055552 5.659076 3.124448 1 P 0
L 5.8963 2.766958 5.8963 2.835856 1 P 0
L 5.8963 2.766958 5.9337 2.766958 1 P 0
L 5.8963 2.835856 5.9337 2.835856 1 P 0
L 5.9337 2.766958 5.9337 2.835856 1 P 0
L 5.974724 8.125718 5.974724 8.45249 1 P 0
L 5.974724 8.125718 6.368426 8.125718 1 P 0
L 5.974724 8.45249 6.368426 8.45249 1 P 0
L 6.04787 7.886024 6.04787 8.013976 1 P 0
L 6.04787 7.886024 6.112832 7.886024 1 P 0
L 6.04787 8.013976 6.112832 8.013976 1 P 0
L 6.0663 7.720552 6.0663 7.789448 1 P 0
L 6.0663 7.720552 6.1037 7.720552 1 P 0
L 6.0663 7.789448 6.1037 7.789448 1 P 0
L 6.1037 7.720552 6.1037 7.789448 1 P 0
L 6.112832 7.886024 6.112832 8.013976 1 P 0
L 6.1763 2.649744 6.1763 2.718642 1 P 0
L 6.1763 2.649744 6.2137 2.649744 1 P 0
L 6.1763 2.718642 6.2137 2.718642 1 P 0
L 6.1813 2.771958 6.1813 2.840856 1 P 0
L 6.1813 2.771958 6.2187 2.771958 1 P 0
L 6.1813 2.840856 6.2187 2.840856 1 P 0
L 6.198976 2.8863 6.198976 2.9237 1 P 0
L 6.198976 2.8863 6.267874 2.8863 1 P 0
L 6.198976 2.9237 6.267874 2.9237 1 P 0
L 6.2137 2.649744 6.2137 2.718642 1 P 0
L 6.2187 2.771958 6.2187 2.840856 1 P 0
L 6.267874 2.8863 6.267874 2.9237 1 P 0
L 6.32433 2.723572 6.32433 2.841684 1 P 0
L 6.32433 2.723572 6.44244 2.723572 1 P 0
L 6.32433 2.841684 6.44244 2.841684 1 P 0
L 6.368426 8.125718 6.368426 8.45249 1 P 0
L 6.41685 2.723572 6.44244 2.749164 1 P 0
L 6.44244 2.723572 6.44244 2.841684 1 P 0
L 6.5363 2.770552 6.5363 2.839448 1 P 0
L 6.5363 2.770552 6.5737 2.770552 1 P 0
L 6.5363 2.839448 6.5737 2.839448 1 P 0
L 6.5737 2.770552 6.5737 2.839448 1 P 0
L 6.612332 2.766958 6.612332 2.835856 1 P 0
L 6.612332 2.766958 6.649734 2.766958 1 P 0
L 6.612332 2.835856 6.649734 2.835856 1 P 0
L 6.645552 2.8813 6.645552 2.9187 1 P 0
L 6.645552 2.8813 6.714448 2.8813 1 P 0
L 6.645552 2.9187 6.714448 2.9187 1 P 0
L 6.645708 2.6563 6.645708 2.6937 1 P 0
L 6.645708 2.6563 6.714606 2.6563 1 P 0
L 6.645708 2.6937 6.714606 2.6937 1 P 0
L 6.649734 2.766958 6.649734 2.835856 1 P 0
L 6.683366 2.765552 6.683366 2.834448 1 P 0
L 6.683366 2.765552 6.720768 2.765552 1 P 0
L 6.683366 2.834448 6.720768 2.834448 1 P 0
L 6.714448 2.8813 6.714448 2.9187 1 P 0
L 6.714606 2.6563 6.714606 2.6937 1 P 0
L 6.720768 2.765552 6.720768 2.834448 1 P 0
L 6.864724 8.125718 6.864724 8.45249 1 P 0
L 6.864724 8.125718 7.258426 8.125718 1 P 0
L 6.864724 8.45249 7.258426 8.45249 1 P 0
L 6.92752 7.896024 6.92752 8.023976 1 P 0
L 6.92752 7.896024 6.99248 7.896024 1 P 0
L 6.92752 8.023976 6.99248 8.023976 1 P 0
L 6.941752 7.720552 6.941752 7.789448 1 P 0
L 6.941752 7.720552 6.979154 7.720552 1 P 0
L 6.941752 7.789448 6.979154 7.789448 1 P 0
L 6.949212 4.056024 6.949212 4.183976 1 P 0
L 6.949212 4.056024 7.014174 4.056024 1 P 0
L 6.949212 4.183976 7.014174 4.183976 1 P 0
L 6.955944 3.893504 6.955944 3.956496 0 P 0
L 6.955944 3.893504 6.98744 3.893504 0 P 0
L 6.955944 3.956496 6.98744 3.956496 0 P 0
L 6.979154 7.720552 6.979154 7.789448 1 P 0
L 6.98744 3.893504 6.98744 3.956496 0 P 0
L 6.99248 7.896024 6.99248 8.023976 1 P 0
L 7.014174 4.056024 7.014174 4.183976 1 P 0
L 7.258426 8.125718 7.258426 8.45249 1 P 0
L 7.659882 3.618976 7.659882 3.741024 0 P 0
L 7.659882 3.618976 7.770118 3.618976 0 P 0
L 7.659882 3.741024 7.770118 3.741024 0 P 0
L 7.68252 3.946024 7.68252 4.073976 1 P 0
L 7.68252 3.946024 7.74748 3.946024 1 P 0
L 7.68252 4.073976 7.74748 4.073976 1 P 0
L 7.74748 3.946024 7.74748 4.073976 1 P 0
L 7.754724 8.125718 7.754724 8.45249 1 P 0
L 7.754724 8.125718 8.148426 8.125718 1 P 0
L 7.754724 8.45249 8.148426 8.45249 1 P 0
L 7.770118 3.618976 7.770118 3.741024 0 P 0
L 7.82067 7.875906 7.82067 8.003858 1 P 0
L 7.82067 7.875906 7.88563 7.875906 1 P 0
L 7.82067 8.003858 7.88563 8.003858 1 P 0
L 7.8287 7.705552 7.8287 7.774448 1 P 0
L 7.8287 7.705552 7.866102 7.705552 1 P 0
L 7.8287 7.774448 7.866102 7.774448 1 P 0
L 7.840945 3.80307 7.840945 3.83693 1 P 0
L 7.840945 3.80307 7.903937 3.80307 1 P 0
L 7.840945 3.83693 7.903937 3.83693 1 P 0
L 7.84252 3.940906 7.84252 4.068858 1 P 0
L 7.84252 3.940906 7.90748 3.940906 1 P 0
L 7.84252 4.068858 7.90748 4.068858 1 P 0
L 7.866102 7.705552 7.866102 7.774448 1 P 0
L 7.884253 3.83693 7.903937 3.817244 1 P 0
L 7.88563 7.875906 7.88563 8.003858 1 P 0
L 7.903937 3.80307 7.903937 3.83693 1 P 0
L 7.905354 5.080354 8.074646 5.080354 1 P 0
L 7.905354 5.207322 7.947678 5.249646 1 P 0
L 7.90748 3.940906 7.90748 4.068858 1 P 0
L 7.947678 5.249646 8.032322 5.249646 1 P 0
L 7.961024 3.782914 7.961024 3.847874 1 P 0
L 7.961024 3.782914 8.088976 3.782914 1 P 0
L 7.961024 3.847874 8.088976 3.847874 1 P 0
L 8.032322 5.249646 8.074646 5.207322 1 P 0
L 8.074646 5.080354 8.074646 5.207322 1 P 0
L 8.088976 3.782914 8.088976 3.847874 1 P 0
L 8.148426 8.125718 8.148426 8.45249 1 P 0
L 8.193504 5.941378 8.193504 5.988622 0 P 0
L 8.193504 5.941378 8.256496 5.941378 0 P 0
L 8.193504 5.988622 8.256496 5.988622 0 P 0
L 8.198228 5.083544 8.198228 5.276456 1 P 0
L 8.198228 5.083544 8.351772 5.083544 1 P 0
L 8.198228 5.226456 8.248228 5.276456 1 P 0
L 8.198228 5.276456 8.351772 5.276456 1 P 0
L 8.2213 6.045552 8.2213 6.114448 1 P 0
L 8.2213 6.045552 8.2587 6.045552 1 P 0
L 8.2213 6.114448 8.2587 6.114448 1 P 0
L 8.256496 5.941378 8.256496 5.988622 0 P 0
L 8.2587 6.045552 8.2587 6.114448 1 P 0
L 8.308504 3.35807 8.308504 3.39193 1 P 0
L 8.308504 3.35807 8.371496 3.35807 1 P 0
L 8.308504 3.377756 8.328188 3.35807 1 P 0
L 8.308504 3.39193 8.371496 3.39193 1 P 0
L 8.351772 5.083544 8.351772 5.276456 1 P 0
L 8.371496 3.35807 8.371496 3.39193 1 P 0
L 8.470354 4.922678 8.470354 5.049646 1 P 0
L 8.470354 4.922678 8.512678 4.880354 1 P 0
L 8.470354 5.049646 8.639646 5.049646 1 P 0
L 8.512678 4.880354 8.597322 4.880354 1 P 0
L 8.52252 3.3310239 8.52252 3.4589759 1 P 0
L 8.52252 3.3310239 8.58748 3.3310239 1 P 0
L 8.52252 3.4589759 8.58748 3.4589759 1 P 0
L 8.58748 3.3310239 8.58748 3.4589759 1 P 0
L 8.597322 4.880354 8.639646 4.922678 1 P 0
L 8.644724 8.12252 8.644724 8.449292 1 P 0
L 8.644724 8.12252 9.038426 8.12252 1 P 0
L 8.644724 8.449292 9.038426 8.449292 1 P 0
L 8.6613 5.87198 8.6613 5.940876 1 P 0
L 8.6613 5.87198 8.6987 5.87198 1 P 0
L 8.6613 5.940876 8.6987 5.940876 1 P 0
L 8.6763 6.079144 8.6763 6.148042 1 P 0
L 8.6763 6.079144 8.7137 6.079144 1 P 0
L 8.6763 6.148042 8.7137 6.148042 1 P 0
L 8.6987 5.87198 8.6987 5.940876 1 P 0
L 8.71067 7.896024 8.71067 8.023976 1 P 0
L 8.71067 7.896024 8.77563 7.896024 1 P 0
L 8.71067 8.023976 8.77563 8.023976 1 P 0
L 8.7137 6.079144 8.7137 6.148042 1 P 0
L 8.724448 7.705552 8.724448 7.774448 1 P 0
L 8.724448 7.705552 8.76185 7.705552 1 P 0
L 8.724448 7.774448 8.76185 7.774448 1 P 0
L 8.76185 7.705552 8.76185 7.774448 1 P 0
L 8.77563 7.896024 8.77563 8.023976 1 P 0
L 8.806142 5.9963 8.806142 6.0337 1 P 0
L 8.806142 5.9963 8.87504 5.9963 1 P 0
L 8.806142 6.0337 8.87504 6.0337 1 P 0
L 8.87504 5.9963 8.87504 6.0337 1 P 0
L 9.038426 8.12252 9.038426 8.449292 1 P 0
