#Layer_Color=32768
#
#Feature symbol names
#
$0 r3.937
$1 r1.9685

#
#Feature attribute names
#

#
#Layer features
#
L 1.040866 7.334882 1.040866 7.748268 1 P 0
L 1.040866 7.334882 1.387322 7.334882 1 P 0
L 1.040866 7.748268 1.387322 7.748268 1 P 0
L 1.040866 7.946816 1.040866 8.360202 1 P 0
L 1.040866 7.946816 1.387322 7.946816 1 P 0
L 1.040866 8.360202 1.387322 8.360202 1 P 0
L 1.055866 5.004882 1.055866 5.418268 1 P 0
L 1.055866 5.004882 1.402322 5.004882 1 P 0
L 1.055866 5.418268 1.402322 5.418268 1 P 0
L 1.166732 2.645866 1.166732 2.992322 1 P 0
L 1.166732 2.645866 1.580118 2.645866 1 P 0
L 1.166732 2.992322 1.580118 2.992322 1 P 0
L 1.387322 7.334882 1.387322 7.748268 1 P 0
L 1.387322 7.946816 1.387322 8.360202 1 P 0
L 1.402322 5.004882 1.402322 5.418268 1 P 0
L 1.426574 5.487402 1.426574 6.416536 0 P 0
L 1.426574 5.487402 2.095866 5.487402 0 P 0
L 1.426574 6.416536 2.095866 6.416536 0 P 0
L 1.470708 7.964212 1.470708 8.385472 0 P 0
L 1.470708 7.964212 1.809292 7.964212 0 P 0
L 1.470708 8.385472 1.809292 8.385472 0 P 0
L 1.515316 4.959212 1.515316 5.110788 1 P 0
L 1.515316 4.959212 1.654686 4.959212 1 P 0
L 1.515316 5.110788 1.654686 5.110788 1 P 0
L 1.532086 5.212628 1.532086 5.474438 1 P 0
L 1.532086 5.212628 1.917914 5.212628 1 P 0
L 1.532086 5.474438 1.917914 5.474438 1 P 0
L 1.55433 6.576338 1.55433 7.796812 0 P 0
L 1.55433 6.576338 2.512598 6.576338 0 P 0
L 1.55433 7.796812 2.512598 7.796812 0 P 0
L 1.580118 2.645866 1.580118 2.992322 1 P 0
L 1.654686 4.959212 1.654686 5.110788 1 P 0
L 1.809292 7.964212 1.809292 8.385472 0 P 0
L 1.815472 3.73126 1.815472 3.83756 1 P 0
L 1.815472 3.73126 1.874528 3.73126 1 P 0
L 1.815472 3.83756 1.874528 3.83756 1 P 0
L 1.8263 3.78441 1.8637 3.78441 0 P 0
L 1.829882 2.645866 1.829882 2.992322 1 P 0
L 1.829882 2.645866 2.243268 2.645866 1 P 0
L 1.829882 2.992322 2.243268 2.992322 1 P 0
L 1.8370472 8.1437402 1.8370472 8.4862598 0 P 0
L 1.8370472 8.1437402 2.4157874 8.1437402 0 P 0
L 1.8370472 8.4862598 2.4157874 8.4862598 0 P 0
L 1.845 3.76571 1.845 3.80311 0 P 0
L 1.874528 3.73126 1.874528 3.83756 1 P 0
L 1.917914 5.212628 1.917914 5.474438 1 P 0
L 1.939764 3.519686 1.939764 3.980316 1 P 0
L 1.939764 3.519686 2.760236 3.519686 1 P 0
L 1.939764 3.980316 2.760236 3.980316 1 P 0
L 2.051692 4.046418 2.051692 4.223582 1 P 0
L 2.051692 4.046418 2.138308 4.046418 1 P 0
L 2.051692 4.223582 2.138308 4.223582 1 P 0
L 2.051692 4.246418 2.051692 4.423582 1 P 0
L 2.051692 4.246418 2.138308 4.246418 1 P 0
L 2.051692 4.423582 2.138308 4.423582 1 P 0
L 2.075314 4.135 2.114686 4.135 0 P 0
L 2.075314 4.335 2.114686 4.335 0 P 0
L 2.095 4.115316 2.095 4.154686 0 P 0
L 2.095 4.315316 2.095 4.354686 0 P 0
L 2.095866 5.487402 2.095866 6.416536 0 P 0
L 2.138308 4.046418 2.138308 4.223582 1 P 0
L 2.138308 4.246418 2.138308 4.423582 1 P 0
L 2.157086 6.169094 2.157086 6.430906 1 P 0
L 2.157086 6.169094 2.542914 6.169094 1 P 0
L 2.157086 6.430906 2.542914 6.430906 1 P 0
L 2.243268 2.645866 2.243268 2.992322 1 P 0
L 2.256692 4.046418 2.256692 4.223582 1 P 0
L 2.256692 4.046418 2.343308 4.046418 1 P 0
L 2.256692 4.223582 2.343308 4.223582 1 P 0
L 2.256692 4.246418 2.256692 4.423582 1 P 0
L 2.256692 4.246418 2.343308 4.246418 1 P 0
L 2.256692 4.423582 2.343308 4.423582 1 P 0
L 2.280314 4.135 2.319686 4.135 0 P 0
L 2.280314 4.335 2.319686 4.335 0 P 0
L 2.3 4.115316 2.3 4.154686 0 P 0
L 2.3 4.315316 2.3 4.354686 0 P 0
L 2.343308 4.046418 2.343308 4.223582 1 P 0
L 2.343308 4.246418 2.343308 4.423582 1 P 0
L 2.4157874 8.1437402 2.4157874 8.4862598 0 P 0
L 2.431732 8.092678 2.431732 8.439134 1 P 0
L 2.431732 8.092678 2.845118 8.092678 1 P 0
L 2.431732 8.439134 2.845118 8.439134 1 P 0
L 2.451692 4.046418 2.451692 4.223582 1 P 0
L 2.451692 4.046418 2.538308 4.046418 1 P 0
L 2.451692 4.223582 2.538308 4.223582 1 P 0
L 2.451692 4.246418 2.451692 4.423582 1 P 0
L 2.451692 4.246418 2.538308 4.246418 1 P 0
L 2.451692 4.423582 2.538308 4.423582 1 P 0
L 2.475314 4.135 2.514686 4.135 0 P 0
L 2.475314 4.335 2.514686 4.335 0 P 0
L 2.495 4.115316 2.495 4.154686 0 P 0
L 2.495 4.315316 2.495 4.354686 0 P 0
L 2.512598 6.576338 2.512598 7.796812 0 P 0
L 2.538308 4.046418 2.538308 4.223582 1 P 0
L 2.538308 4.246418 2.538308 4.423582 1 P 0
L 2.542914 6.169094 2.542914 6.430906 1 P 0
L 2.567402 7.705236 2.567402 7.984764 1 P 0
L 2.567402 7.705236 2.742598 7.705236 1 P 0
L 2.567402 7.984764 2.742598 7.984764 1 P 0
L 2.634882 2.645866 2.634882 2.992322 1 P 0
L 2.634882 2.645866 3.048268 2.645866 1 P 0
L 2.634882 2.992322 3.048268 2.992322 1 P 0
L 2.651692 4.046418 2.651692 4.223582 1 P 0
L 2.651692 4.046418 2.738308 4.046418 1 P 0
L 2.651692 4.223582 2.738308 4.223582 1 P 0
L 2.651692 4.246418 2.651692 4.423582 1 P 0
L 2.651692 4.246418 2.738308 4.246418 1 P 0
L 2.651692 4.423582 2.738308 4.423582 1 P 0
L 2.675314 4.135 2.714686 4.135 0 P 0
L 2.675314 4.335 2.714686 4.335 0 P 0
L 2.695 4.115316 2.695 4.154686 0 P 0
L 2.695 4.315316 2.695 4.354686 0 P 0
L 2.738308 4.046418 2.738308 4.223582 1 P 0
L 2.738308 4.246418 2.738308 4.423582 1 P 0
L 2.742598 7.705236 2.742598 7.984764 1 P 0
L 2.754576 7.713308 2.754576 7.876692 1 P 0
L 2.754576 7.713308 2.892372 7.713308 1 P 0
L 2.754576 7.876692 2.892372 7.876692 1 P 0
L 2.760236 3.519686 2.760236 3.980316 1 P 0
L 2.76185 7.890472 2.76185 7.949528 1 P 0
L 2.76185 7.890472 2.86815 7.890472 1 P 0
L 2.76185 7.949528 2.86815 7.949528 1 P 0
L 2.7963 7.92 2.8337 7.92 0 P 0
L 2.815 7.9013 2.815 7.9387 0 P 0
L 2.845118 8.092678 2.845118 8.439134 1 P 0
L 2.86815 7.890472 2.86815 7.949528 1 P 0
L 2.876968 6.417992 2.876968 6.792008 1 P 0
L 2.876968 6.417992 3.373032 6.417992 1 P 0
L 2.876968 6.792008 3.373032 6.792008 1 P 0
L 2.892372 7.713308 2.892372 7.876692 1 P 0
L 2.907304 7.69748 2.907304 7.88252 1 P 0
L 2.907304 7.69748 2.997854 7.69748 1 P 0
L 2.907304 7.88252 2.997854 7.88252 1 P 0
L 2.923228 5.022362 2.923228 5.317638 1 P 0
L 2.923228 5.022362 3.326772 5.022362 1 P 0
L 2.923228 5.317638 3.326772 5.317638 1 P 0
L 2.932894 7.79 2.972264 7.79 0 P 0
L 2.952578 7.770314 2.952578 7.809686 0 P 0
L 2.997854 7.69748 2.997854 7.88252 1 P 0
L 3.011802 7.611614 3.011802 7.938386 0 P 0
L 3.011802 7.611614 3.326762 7.611614 0 P 0
L 3.011802 7.938386 3.326762 7.938386 0 P 0
L 3.048268 2.645866 3.048268 2.992322 1 P 0
L 3.326762 7.611614 3.326762 7.938386 0 P 0
L 3.326772 5.022362 3.326772 5.317638 1 P 0
L 3.334882 2.645866 3.334882 2.992322 1 P 0
L 3.334882 2.645866 3.748268 2.645866 1 P 0
L 3.334882 2.992322 3.748268 2.992322 1 P 0
L 3.340816 7.57307 3.340816 7.70693 1 P 0
L 3.340816 7.57307 3.41562 7.57307 1 P 0
L 3.340816 7.70693 3.41562 7.70693 1 P 0
L 3.341692 7.7263 3.341692 7.903464 1 P 0
L 3.341692 7.7263 3.428308 7.7263 1 P 0
L 3.341692 7.903464 3.428308 7.903464 1 P 0
L 3.358534 7.64 3.397904 7.64 0 P 0
L 3.360472 6.94685 3.360472 7.05315 1 P 0
L 3.360472 6.94685 3.419528 6.94685 1 P 0
L 3.360472 7.05315 3.419528 7.05315 1 P 0
L 3.365316 7.814882 3.404686 7.814882 0 P 0
L 3.3713 7 3.4087 7 0 P 0
L 3.373032 6.417992 3.373032 6.792008 1 P 0
L 3.378218 7.620316 3.378218 7.659686 0 P 0
L 3.385 7.795196 3.385 7.834566 0 P 0
L 3.39 6.9813 3.39 7.0187 0 P 0
L 3.41562 7.57307 3.41562 7.70693 1 P 0
L 3.419528 6.94685 3.419528 7.05315 1 P 0
L 3.427598 7.57307 3.427598 7.70693 1 P 0
L 3.427598 7.57307 3.502402 7.57307 1 P 0
L 3.427598 7.70693 3.502402 7.70693 1 P 0
L 3.428308 7.7263 3.428308 7.903464 1 P 0
L 3.432086 7.164094 3.432086 7.425906 1 P 0
L 3.432086 7.164094 3.817914 7.164094 1 P 0
L 3.432086 7.425906 3.817914 7.425906 1 P 0
L 3.445316 7.64 3.484686 7.64 0 P 0
L 3.448346 6.846732 3.448346 7.063268 1 P 0
L 3.448346 6.846732 3.741654 6.846732 1 P 0
L 3.448346 7.063268 3.741654 7.063268 1 P 0
L 3.449566 7.776496 3.449566 7.904448 0 P 0
L 3.449566 7.776496 3.520434 7.776496 0 P 0
L 3.449566 7.904448 3.520434 7.904448 0 P 0
L 3.465 7.620316 3.465 7.659686 0 P 0
L 3.502402 7.57307 3.502402 7.70693 1 P 0
L 3.520434 7.776496 3.520434 7.904448 0 P 0
L 3.645472 7.78685 3.645472 7.89315 1 P 0
L 3.645472 7.78685 3.704528 7.78685 1 P 0
L 3.645472 7.89315 3.704528 7.89315 1 P 0
L 3.6563 7.84 3.6937 7.84 0 P 0
L 3.675 7.8213 3.675 7.8587 0 P 0
L 3.704528 7.78685 3.704528 7.89315 1 P 0
L 3.741654 6.846732 3.741654 7.063268 1 P 0
L 3.748268 2.645866 3.748268 2.992322 1 P 0
L 3.75752 5.532952 3.75752 5.784922 0 P 0
L 3.75752 5.532952 4.07248 5.532952 0 P 0
L 3.75752 5.784922 4.07248 5.784922 0 P 0
L 3.765472 6.935276 3.765472 7.041574 1 P 0
L 3.765472 6.935276 3.824528 6.935276 1 P 0
L 3.765472 7.041574 3.824528 7.041574 1 P 0
L 3.7763 6.988426 3.8137 6.988426 0 P 0
L 3.795 6.969724 3.795 7.007126 0 P 0
L 3.817914 7.164094 3.817914 7.425906 1 P 0
L 3.824528 6.935276 3.824528 7.041574 1 P 0
L 3.899804 5.419724 3.899804 5.510276 0 P 0
L 3.899804 5.419724 4.038582 5.419724 0 P 0
L 3.899804 5.510276 4.038582 5.510276 0 P 0
L 4.038582 5.419724 4.038582 5.510276 0 P 0
L 4.07248 5.532952 4.07248 5.784922 0 P 0
L 4.076692 6.046418 4.076692 6.223582 1 P 0
L 4.076692 6.046418 4.163308 6.046418 1 P 0
L 4.076692 6.223582 4.163308 6.223582 1 P 0
L 4.100314 6.135 4.139686 6.135 0 P 0
L 4.105472 3.14185 4.105472 3.24815 1 P 0
L 4.105472 3.14185 4.164528 3.14185 1 P 0
L 4.105472 3.24815 4.164528 3.24815 1 P 0
L 4.1163 3.195 4.1537 3.195 0 P 0
L 4.12 6.115316 4.12 6.154686 0 P 0
L 4.124134 2.875462 4.124134 3.123494 1 P 0
L 4.124134 2.875462 4.265866 2.875462 1 P 0
L 4.124134 3.123494 4.265866 3.123494 1 P 0
L 4.130472 2.686152 4.130472 2.79245 1 P 0
L 4.130472 2.686152 4.189528 2.686152 1 P 0
L 4.130472 2.79245 4.189528 2.79245 1 P 0
L 4.135 3.1763 4.135 3.2137 0 P 0
L 4.1413 2.7393 4.1787 2.7393 0 P 0
L 4.14685 2.615118 4.14685 2.674172 1 P 0
L 4.14685 2.615118 4.25315 2.615118 1 P 0
L 4.14685 2.674172 4.25315 2.674172 1 P 0
L 4.14685 2.80443 4.14685 2.863484 1 P 0
L 4.14685 2.80443 4.25315 2.80443 1 P 0
L 4.14685 2.863484 4.25315 2.863484 1 P 0
L 4.16 2.7206 4.16 2.758002 0 P 0
L 4.163308 6.046418 4.163308 6.223582 1 P 0
L 4.164528 3.14185 4.164528 3.24815 1 P 0
L 4.180472 3.13626 4.180472 3.24256 1 P 0
L 4.180472 3.13626 4.239528 3.13626 1 P 0
L 4.180472 3.24256 4.239528 3.24256 1 P 0
L 4.180472 6.04685 4.180472 6.15315 1 P 0
L 4.180472 6.04685 4.239528 6.04685 1 P 0
L 4.180472 6.15315 4.239528 6.15315 1 P 0
L 4.1813 2.644646 4.2187 2.644646 0 P 0
L 4.1813 2.833956 4.2187 2.833956 0 P 0
L 4.184882 8.112678 4.184882 8.459134 1 P 0
L 4.184882 8.112678 4.598268 8.112678 1 P 0
L 4.184882 8.459134 4.598268 8.459134 1 P 0
L 4.189528 2.686152 4.189528 2.79245 1 P 0
L 4.1913 3.18941 4.2287 3.18941 0 P 0
L 4.1913 6.1 4.2287 6.1 0 P 0
L 4.2 2.625944 4.2 2.663346 0 P 0
L 4.2 2.815256 4.2 2.852658 0 P 0
L 4.205286 2.686152 4.205286 2.79245 1 P 0
L 4.205286 2.686152 4.26434 2.686152 1 P 0
L 4.205286 2.79245 4.26434 2.79245 1 P 0
L 4.21 3.170708 4.21 3.20811 0 P 0
L 4.21 6.0813 4.21 6.1187 0 P 0
L 4.216112 2.7393 4.253514 2.7393 0 P 0
L 4.220472 5.65185 4.220472 5.75815 1 P 0
L 4.220472 5.65185 4.279528 5.65185 1 P 0
L 4.220472 5.75815 4.279528 5.75815 1 P 0
L 4.22693 5.770472 4.22693 5.829528 1 P 0
L 4.22693 5.770472 4.34307 5.770472 1 P 0
L 4.22693 5.829528 4.34307 5.829528 1 P 0
L 4.2313 5.705 4.2687 5.705 0 P 0
L 4.234814 2.7206 4.234814 2.758002 0 P 0
L 4.239528 3.13626 4.239528 3.24256 1 P 0
L 4.239528 6.04685 4.239528 6.15315 1 P 0
L 4.25 5.6863 4.25 5.7237 0 P 0
L 4.251692 7.866418 4.251692 8.043582 1 P 0
L 4.251692 7.866418 4.338308 7.866418 1 P 0
L 4.251692 8.043582 4.338308 8.043582 1 P 0
L 4.25315 2.615118 4.25315 2.674172 1 P 0
L 4.25315 2.80443 4.25315 2.863484 1 P 0
L 4.26434 2.686152 4.26434 2.79245 1 P 0
L 4.265472 7.70185 4.265472 7.80815 1 P 0
L 4.265472 7.70185 4.324528 7.70185 1 P 0
L 4.265472 7.80815 4.324528 7.80815 1 P 0
L 4.265866 2.875462 4.265866 3.123494 1 P 0
L 4.275316 7.955 4.314686 7.955 0 P 0
L 4.2763 7.755 4.3137 7.755 0 P 0
L 4.279528 5.65185 4.279528 5.75815 1 P 0
L 4.280472 3.06685 4.280472 3.17315 1 P 0
L 4.280472 3.06685 4.339528 3.06685 1 P 0
L 4.280472 3.17315 4.339528 3.17315 1 P 0
L 4.285472 2.690276 4.285472 2.796574 1 P 0
L 4.285472 2.690276 4.344528 2.690276 1 P 0
L 4.285472 2.796574 4.344528 2.796574 1 P 0
L 4.2913 3.12 4.3287 3.12 0 P 0
L 4.295 7.7363 4.295 7.7737 0 P 0
L 4.295 7.935316 4.295 7.974686 0 P 0
L 4.2963 2.743426 4.3337 2.743426 0 P 0
L 4.31 3.1013 4.31 3.1387 0 P 0
L 4.315 2.724724 4.315 2.762126 0 P 0
L 4.32126 3.996024 4.32126 4.123976 0 P 0
L 4.32126 3.996024 4.392126 3.996024 0 P 0
L 4.32126 4.123976 4.392126 4.123976 0 P 0
L 4.323386 4.166418 4.323386 4.343582 1 P 0
L 4.323386 4.166418 4.41 4.166418 1 P 0
L 4.323386 4.343582 4.41 4.343582 1 P 0
L 4.324528 7.70185 4.324528 7.80815 1 P 0
L 4.338308 7.866418 4.338308 8.043582 1 P 0
L 4.339528 3.06685 4.339528 3.17315 1 P 0
L 4.34307 5.770472 4.34307 5.829528 1 P 0
L 4.344528 2.690276 4.344528 2.796574 1 P 0
L 4.347008 4.255 4.386378 4.255 0 P 0
L 4.362914 5.71685 4.362914 5.82315 1 P 0
L 4.362914 5.71685 4.421968 5.71685 1 P 0
L 4.362914 5.82315 4.421968 5.82315 1 P 0
L 4.365472 6.14685 4.365472 6.25315 1 P 0
L 4.365472 6.14685 4.424528 6.14685 1 P 0
L 4.365472 6.25315 4.424528 6.25315 1 P 0
L 4.366692 4.235316 4.366692 4.274686 0 P 0
L 4.370472 5.97685 4.370472 6.08315 1 P 0
L 4.370472 5.97685 4.429528 5.97685 1 P 0
L 4.370472 6.08315 4.429528 6.08315 1 P 0
L 4.37374 5.77 4.411142 5.77 0 P 0
L 4.3763 6.2 4.4137 6.2 0 P 0
L 4.3813 6.03 4.4187 6.03 0 P 0
L 4.392126 3.996024 4.392126 4.123976 0 P 0
L 4.39244 5.7513 4.39244 5.7887 0 P 0
L 4.395 6.1813 4.395 6.2187 0 P 0
L 4.4 6.0113 4.4 6.0487 0 P 0
L 4.41 4.166418 4.41 4.343582 1 P 0
L 4.420472 6.27685 4.420472 6.38315 1 P 0
L 4.420472 6.27685 4.479528 6.27685 1 P 0
L 4.420472 6.38315 4.479528 6.38315 1 P 0
L 4.421968 5.71685 4.421968 5.82315 1 P 0
L 4.424528 6.14685 4.424528 6.25315 1 P 0
L 4.429528 5.97685 4.429528 6.08315 1 P 0
L 4.430472 5.84185 4.430472 5.94815 1 P 0
L 4.430472 5.84185 4.489528 5.84185 1 P 0
L 4.430472 5.94815 4.489528 5.94815 1 P 0
L 4.4313 6.33 4.4687 6.33 0 P 0
L 4.433946 5.71685 4.433946 5.82315 1 P 0
L 4.433946 5.71685 4.493002 5.71685 1 P 0
L 4.433946 5.82315 4.493002 5.82315 1 P 0
L 4.440472 6.14685 4.440472 6.25315 1 P 0
L 4.440472 6.14685 4.499528 6.14685 1 P 0
L 4.440472 6.25315 4.499528 6.25315 1 P 0
L 4.4413 5.895 4.4787 5.895 0 P 0
L 4.441506 5.97685 4.441506 6.08315 1 P 0
L 4.441506 5.97685 4.500562 5.97685 1 P 0
L 4.441506 6.08315 4.500562 6.08315 1 P 0
L 4.444774 5.77 4.482176 5.77 0 P 0
L 4.45 6.3113 4.45 6.3487 0 P 0
L 4.4513 6.2 4.4887 6.2 0 P 0
L 4.452332 6.03 4.489734 6.03 0 P 0
L 4.46 5.8763 4.46 5.9137 0 P 0
L 4.463474 5.7513 4.463474 5.7887 0 P 0
L 4.47 6.1813 4.47 6.2187 0 P 0
L 4.471034 6.0113 4.471034 6.0487 0 P 0
L 4.479528 6.27685 4.479528 6.38315 1 P 0
L 4.489528 5.84185 4.489528 5.94815 1 P 0
L 4.493002 5.71685 4.493002 5.82315 1 P 0
L 4.499528 6.14685 4.499528 6.25315 1 P 0
L 4.500562 5.97685 4.500562 6.08315 1 P 0
L 4.51254 5.801496 4.51254 6.488504 1 P 0
L 4.51254 5.801496 5.199548 5.801496 1 P 0
L 4.51254 6.488504 5.199548 6.488504 1 P 0
L 4.56185 5.655472 4.56185 5.714528 1 P 0
L 4.56185 5.655472 4.66815 5.655472 1 P 0
L 4.56185 5.714528 4.66815 5.714528 1 P 0
L 4.56185 5.730472 4.56185 5.789528 1 P 0
L 4.56185 5.730472 4.66815 5.730472 1 P 0
L 4.56185 5.789528 4.66815 5.789528 1 P 0
L 4.59185 6.500472 4.59185 6.559528 1 P 0
L 4.59185 6.500472 4.69815 6.500472 1 P 0
L 4.59185 6.559528 4.69815 6.559528 1 P 0
L 4.59185 6.575472 4.59185 6.634528 1 P 0
L 4.59185 6.575472 4.69815 6.575472 1 P 0
L 4.59185 6.634528 4.69815 6.634528 1 P 0
L 4.5963 5.685 4.6337 5.685 0 P 0
L 4.5963 5.76 4.6337 5.76 0 P 0
L 4.598268 8.112678 4.598268 8.459134 1 P 0
L 4.615 5.6663 4.615 5.7037 0 P 0
L 4.615 5.7413 4.615 5.7787 0 P 0
L 4.6263 6.53 4.6637 6.53 0 P 0
L 4.6263 6.605 4.6637 6.605 0 P 0
L 4.635472 7.013012 4.635472 7.119312 1 P 0
L 4.635472 7.013012 4.694528 7.013012 1 P 0
L 4.635472 7.119312 4.694528 7.119312 1 P 0
L 4.645 6.5113 4.645 6.5487 0 P 0
L 4.645 6.5863 4.645 6.6237 0 P 0
L 4.6463 7.066162 4.6837 7.066162 0 P 0
L 4.665 7.04746 4.665 7.084862 0 P 0
L 4.66815 5.655472 4.66815 5.714528 1 P 0
L 4.66815 5.730472 4.66815 5.789528 1 P 0
L 4.694528 7.013012 4.694528 7.119312 1 P 0
L 4.69815 6.500472 4.69815 6.559528 1 P 0
L 4.69815 6.575472 4.69815 6.634528 1 P 0
L 4.72685 6.585472 4.72685 6.644528 1 P 0
L 4.72685 6.585472 4.83315 6.585472 1 P 0
L 4.72685 6.644528 4.83315 6.644528 1 P 0
L 4.730472 6.70685 4.730472 6.81315 1 P 0
L 4.730472 6.70685 4.789528 6.70685 1 P 0
L 4.730472 6.81315 4.789528 6.81315 1 P 0
L 4.7413 6.76 4.7787 6.76 0 P 0
L 4.745472 7.013012 4.745472 7.119312 1 P 0
L 4.745472 7.013012 4.804528 7.013012 1 P 0
L 4.745472 7.119312 4.804528 7.119312 1 P 0
L 4.7563 7.066162 4.7937 7.066162 0 P 0
L 4.76 6.7413 4.76 6.7787 0 P 0
L 4.7613 6.615 4.7987 6.615 0 P 0
L 4.775 7.04746 4.775 7.084862 0 P 0
L 4.78 6.5963 4.78 6.6337 0 P 0
L 4.789528 6.70685 4.789528 6.81315 1 P 0
L 4.804528 7.013012 4.804528 7.119312 1 P 0
L 4.83315 6.585472 4.83315 6.644528 1 P 0
L 4.845472 7.013012 4.845472 7.119312 1 P 0
L 4.845472 7.013012 4.904528 7.013012 1 P 0
L 4.845472 7.119312 4.904528 7.119312 1 P 0
L 4.8563 7.066162 4.8937 7.066162 0 P 0
L 4.875 7.04746 4.875 7.084862 0 P 0
L 4.904528 7.013012 4.904528 7.119312 1 P 0
L 4.926338 6.701852 4.926338 6.80815 1 P 0
L 4.926338 6.701852 5.06807 6.701852 1 P 0
L 4.926338 6.80815 5.06807 6.80815 1 P 0
L 5.010472 5.66685 5.010472 5.77315 1 P 0
L 5.010472 5.66685 5.069528 5.66685 1 P 0
L 5.010472 5.77315 5.069528 5.77315 1 P 0
L 5.0213 5.72 5.0587 5.72 0 P 0
L 5.04 5.7013 5.04 5.7387 0 P 0
L 5.045472 7.013012 5.045472 7.119312 1 P 0
L 5.045472 7.013012 5.104528 7.013012 1 P 0
L 5.045472 7.119312 5.104528 7.119312 1 P 0
L 5.0563 7.066162 5.0937 7.066162 0 P 0
L 5.06807 6.701852 5.06807 6.80815 1 P 0
L 5.069528 5.66685 5.069528 5.77315 1 P 0
L 5.074882 8.112678 5.074882 8.459134 1 P 0
L 5.074882 8.112678 5.488268 8.112678 1 P 0
L 5.074882 8.459134 5.488268 8.459134 1 P 0
L 5.075 7.04746 5.075 7.084862 0 P 0
L 5.090444 5.655472 5.090444 5.714528 1 P 0
L 5.090444 5.655472 5.196742 5.655472 1 P 0
L 5.090444 5.714528 5.196742 5.714528 1 P 0
L 5.090444 5.730472 5.090444 5.789528 1 P 0
L 5.090444 5.730472 5.196742 5.730472 1 P 0
L 5.090444 5.789528 5.196742 5.789528 1 P 0
L 5.104528 7.013012 5.104528 7.119312 1 P 0
L 5.124892 5.685 5.162294 5.685 0 P 0
L 5.124892 5.76 5.162294 5.76 0 P 0
L 5.141692 7.871418 5.141692 8.048582 1 P 0
L 5.141692 7.871418 5.228308 7.871418 1 P 0
L 5.141692 8.048582 5.228308 8.048582 1 P 0
L 5.143592 5.6663 5.143592 5.7037 0 P 0
L 5.143592 5.7413 5.143592 5.7787 0 P 0
L 5.155472 7.70185 5.155472 7.80815 1 P 0
L 5.155472 7.70185 5.214528 7.70185 1 P 0
L 5.155472 7.80815 5.214528 7.80815 1 P 0
L 5.165316 7.96 5.204686 7.96 0 P 0
L 5.1663 7.755 5.2037 7.755 0 P 0
L 5.185 7.7363 5.185 7.7737 0 P 0
L 5.185 7.940316 5.185 7.979686 0 P 0
L 5.196742 5.655472 5.196742 5.714528 1 P 0
L 5.196742 5.730472 5.196742 5.789528 1 P 0
L 5.199548 5.801496 5.199548 6.488504 1 P 0
L 5.213406 6.08185 5.213406 6.18815 1 P 0
L 5.213406 6.08185 5.27246 6.08185 1 P 0
L 5.213406 6.18815 5.27246 6.18815 1 P 0
L 5.214438 6.355444 5.214438 6.461742 1 P 0
L 5.214438 6.355444 5.273494 6.355444 1 P 0
L 5.214438 6.461742 5.273494 6.461742 1 P 0
L 5.214528 7.70185 5.214528 7.80815 1 P 0
L 5.224232 6.135 5.261634 6.135 0 P 0
L 5.225266 6.408592 5.262668 6.408592 0 P 0
L 5.22685 6.280472 5.22685 6.339528 1 P 0
L 5.22685 6.280472 5.33315 6.280472 1 P 0
L 5.22685 6.339528 5.33315 6.339528 1 P 0
L 5.228308 7.871418 5.228308 8.048582 1 P 0
L 5.242932 6.1163 5.242932 6.1537 0 P 0
L 5.243966 6.389892 5.243966 6.427294 0 P 0
L 5.2613 6.31 5.2987 6.31 0 P 0
L 5.27246 6.08185 5.27246 6.18815 1 P 0
L 5.273494 6.355444 5.273494 6.461742 1 P 0
L 5.28 6.2913 5.28 6.3287 0 P 0
L 5.284438 6.08185 5.284438 6.18815 1 P 0
L 5.284438 6.08185 5.343494 6.08185 1 P 0
L 5.284438 6.18815 5.343494 6.18815 1 P 0
L 5.285472 6.355444 5.285472 6.461742 1 P 0
L 5.285472 6.355444 5.344528 6.355444 1 P 0
L 5.285472 6.461742 5.344528 6.461742 1 P 0
L 5.295266 6.135 5.332668 6.135 0 P 0
L 5.2963 5.904842 5.2963 5.991458 1 P 0
L 5.2963 5.904842 5.473464 5.904842 1 P 0
L 5.2963 5.991458 5.473464 5.991458 1 P 0
L 5.2963 6.408592 5.3337 6.408592 0 P 0
L 5.310474 3.23685 5.310474 3.34315 1 P 0
L 5.310474 3.23685 5.369528 3.23685 1 P 0
L 5.310474 3.34315 5.369528 3.34315 1 P 0
L 5.313966 6.1163 5.313966 6.1537 0 P 0
L 5.315 6.389892 5.315 6.427294 0 P 0
L 5.3213 3.29 5.358702 3.29 0 P 0
L 5.33315 6.280472 5.33315 6.339528 1 P 0
L 5.34 3.2713 5.34 3.3087 0 P 0
L 5.343494 6.08185 5.343494 6.18815 1 P 0
L 5.344528 6.355444 5.344528 6.461742 1 P 0
L 5.355472 6.08185 5.355472 6.18815 1 P 0
L 5.355472 6.08185 5.414528 6.08185 1 P 0
L 5.355472 6.18815 5.414528 6.18815 1 P 0
L 5.365198 5.94815 5.404568 5.94815 0 P 0
L 5.3663 6.135 5.4037 6.135 0 P 0
L 5.369528 3.23685 5.369528 3.34315 1 P 0
L 5.384882 5.928464 5.384882 5.967836 0 P 0
L 5.385 6.1163 5.385 6.1537 0 P 0
L 5.414528 6.08185 5.414528 6.18815 1 P 0
L 5.42878 2.63685 5.42878 2.74315 1 P 0
L 5.42878 2.63685 5.487834 2.63685 1 P 0
L 5.42878 2.74315 5.487834 2.74315 1 P 0
L 5.439606 2.69 5.477008 2.69 0 P 0
L 5.458308 2.6713 5.458308 2.7087 0 P 0
L 5.46878 3.03685 5.46878 3.14315 1 P 0
L 5.46878 3.03685 5.527834 3.03685 1 P 0
L 5.46878 3.14315 5.527834 3.14315 1 P 0
L 5.473464 5.904842 5.473464 5.991458 1 P 0
L 5.479606 3.09 5.517008 3.09 0 P 0
L 5.487834 2.63685 5.487834 2.74315 1 P 0
L 5.488268 8.112678 5.488268 8.459134 1 P 0
L 5.498308 3.0713 5.498308 3.1087 0 P 0
L 5.502442 2.68184 5.502442 2.929872 1 P 0
L 5.502442 2.68184 5.644174 2.68184 1 P 0
L 5.502442 2.929872 5.644174 2.929872 1 P 0
L 5.50685 3.165472 5.50685 3.224528 1 P 0
L 5.50685 3.165472 5.61315 3.165472 1 P 0
L 5.50685 3.224528 5.61315 3.224528 1 P 0
L 5.52685 2.605472 5.52685 2.664528 1 P 0
L 5.52685 2.605472 5.63315 2.605472 1 P 0
L 5.52685 2.664528 5.63315 2.664528 1 P 0
L 5.527834 3.03685 5.527834 3.14315 1 P 0
L 5.530158 2.945472 5.530158 3.004528 1 P 0
L 5.530158 2.945472 5.636456 2.945472 1 P 0
L 5.530158 3.004528 5.636456 3.004528 1 P 0
L 5.5413 3.195 5.5787 3.195 0 P 0
L 5.56 3.1763 5.56 3.2137 0 P 0
L 5.5613 2.635 5.598702 2.635 0 P 0
L 5.564606 2.975 5.602008 2.975 0 P 0
L 5.58 2.6163 5.58 2.6537 0 P 0
L 5.583308 2.9563 5.583308 2.9937 0 P 0
L 5.610846 3.03685 5.610846 3.14315 1 P 0
L 5.610846 3.03685 5.669902 3.03685 1 P 0
L 5.610846 3.14315 5.669902 3.14315 1 P 0
L 5.61315 3.165472 5.61315 3.224528 1 P 0
L 5.621674 3.09 5.659076 3.09 0 P 0
L 5.63315 2.605472 5.63315 2.664528 1 P 0
L 5.636456 2.945472 5.636456 3.004528 1 P 0
L 5.640374 3.0713 5.640374 3.1087 0 P 0
L 5.644174 2.68184 5.644174 2.929872 1 P 0
L 5.669902 3.03685 5.669902 3.14315 1 P 0
L 5.885472 2.748258 5.885472 2.854558 1 P 0
L 5.885472 2.748258 5.944528 2.748258 1 P 0
L 5.885472 2.854558 5.944528 2.854558 1 P 0
L 5.8963 2.801408 5.9337 2.801408 0 P 0
L 5.915 2.782706 5.915 2.820108 0 P 0
L 5.944528 2.748258 5.944528 2.854558 1 P 0
L 5.964882 8.115876 5.964882 8.462332 1 P 0
L 5.964882 8.115876 6.378268 8.115876 1 P 0
L 5.964882 8.462332 6.378268 8.462332 1 P 0
L 6.037044 7.861418 6.037044 8.038582 1 P 0
L 6.037044 7.861418 6.123658 7.861418 1 P 0
L 6.037044 8.038582 6.123658 8.038582 1 P 0
L 6.055472 7.70185 6.055472 7.80815 1 P 0
L 6.055472 7.70185 6.114528 7.70185 1 P 0
L 6.055472 7.80815 6.114528 7.80815 1 P 0
L 6.060666 7.95 6.100036 7.95 0 P 0
L 6.0663 7.755 6.1037 7.755 0 P 0
L 6.08035 7.930316 6.08035 7.969686 0 P 0
L 6.085 7.7363 6.085 7.7737 0 P 0
L 6.114528 7.70185 6.114528 7.80815 1 P 0
L 6.123658 7.861418 6.123658 8.038582 1 P 0
L 6.165472 2.631044 6.165472 2.737342 1 P 0
L 6.165472 2.631044 6.224528 2.631044 1 P 0
L 6.165472 2.737342 6.224528 2.737342 1 P 0
L 6.170472 2.753258 6.170472 2.859558 1 P 0
L 6.170472 2.753258 6.229528 2.753258 1 P 0
L 6.170472 2.859558 6.229528 2.859558 1 P 0
L 6.1763 2.684192 6.2137 2.684192 0 P 0
L 6.180276 2.875472 6.180276 2.934528 1 P 0
L 6.180276 2.875472 6.286574 2.875472 1 P 0
L 6.180276 2.934528 6.286574 2.934528 1 P 0
L 6.1813 2.806408 6.2187 2.806408 0 P 0
L 6.195 2.665492 6.195 2.702894 0 P 0
L 6.2 2.787706 6.2 2.825108 0 P 0
L 6.214724 2.905 6.252126 2.905 0 P 0
L 6.224528 2.631044 6.224528 2.737342 1 P 0
L 6.229528 2.753258 6.229528 2.859558 1 P 0
L 6.233426 2.8863 6.233426 2.9237 0 P 0
L 6.25937 2.711762 6.25937 2.853494 1 P 0
L 6.25937 2.711762 6.507402 2.711762 1 P 0
L 6.25937 2.853494 6.507402 2.853494 1 P 0
L 6.286574 2.875472 6.286574 2.934528 1 P 0
L 6.378268 8.115876 6.378268 8.462332 1 P 0
L 6.507402 2.711762 6.507402 2.853494 1 P 0
L 6.525472 2.75185 6.525472 2.85815 1 P 0
L 6.525472 2.75185 6.584528 2.75185 1 P 0
L 6.525472 2.85815 6.584528 2.85815 1 P 0
L 6.5363 2.805 6.5737 2.805 0 P 0
L 6.555 2.7863 6.555 2.8237 0 P 0
L 6.584528 2.75185 6.584528 2.85815 1 P 0
L 6.601506 2.748258 6.601506 2.854558 1 P 0
L 6.601506 2.748258 6.660562 2.748258 1 P 0
L 6.601506 2.854558 6.660562 2.854558 1 P 0
L 6.612332 2.801408 6.649734 2.801408 0 P 0
L 6.62685 2.870472 6.62685 2.929528 1 P 0
L 6.62685 2.870472 6.73315 2.870472 1 P 0
L 6.62685 2.929528 6.73315 2.929528 1 P 0
L 6.627008 2.645472 6.627008 2.704528 1 P 0
L 6.627008 2.645472 6.733308 2.645472 1 P 0
L 6.627008 2.704528 6.733308 2.704528 1 P 0
L 6.631034 2.782706 6.631034 2.820108 0 P 0
L 6.660562 2.748258 6.660562 2.854558 1 P 0
L 6.6613 2.9 6.6987 2.9 0 P 0
L 6.661456 2.675 6.698858 2.675 0 P 0
L 6.67254 2.74685 6.67254 2.85315 1 P 0
L 6.67254 2.74685 6.731594 2.74685 1 P 0
L 6.67254 2.85315 6.731594 2.85315 1 P 0
L 6.68 2.8813 6.68 2.9187 0 P 0
L 6.680158 2.6563 6.680158 2.6937 0 P 0
L 6.683366 2.8 6.720768 2.8 0 P 0
L 6.702068 2.7813 6.702068 2.8187 0 P 0
L 6.731594 2.74685 6.731594 2.85315 1 P 0
L 6.73315 2.870472 6.73315 2.929528 1 P 0
L 6.733308 2.645472 6.733308 2.704528 1 P 0
L 6.854882 8.115876 6.854882 8.462332 1 P 0
L 6.854882 8.115876 7.268268 8.115876 1 P 0
L 6.854882 8.462332 7.268268 8.462332 1 P 0
L 6.916692 7.871418 6.916692 8.048582 1 P 0
L 6.916692 7.871418 7.003308 7.871418 1 P 0
L 6.916692 8.048582 7.003308 8.048582 1 P 0
L 6.930926 7.70185 6.930926 7.80815 1 P 0
L 6.930926 7.70185 6.98998 7.70185 1 P 0
L 6.930926 7.80815 6.98998 7.80815 1 P 0
L 6.93626 3.861024 6.93626 3.988976 0 P 0
L 6.93626 3.861024 7.007126 3.861024 0 P 0
L 6.93626 3.988976 7.007126 3.988976 0 P 0
L 6.938386 4.031418 6.938386 4.208582 1 P 0
L 6.938386 4.031418 7.025 4.031418 1 P 0
L 6.938386 4.208582 7.025 4.208582 1 P 0
L 6.940316 7.96 6.979686 7.96 0 P 0
L 6.941752 7.755 6.979154 7.755 0 P 0
L 6.96 7.940316 6.96 7.979686 0 P 0
L 6.960452 7.7363 6.960452 7.7737 0 P 0
L 6.962008 4.12 7.001378 4.12 0 P 0
L 6.981692 4.100316 6.981692 4.139686 0 P 0
L 6.98998 7.70185 6.98998 7.80815 1 P 0
L 7.003308 7.871418 7.003308 8.048582 1 P 0
L 7.007126 3.861024 7.007126 3.988976 0 P 0
L 7.025 4.031418 7.025 4.208582 1 P 0
L 7.268268 8.115876 7.268268 8.462332 1 P 0
L 7.620512 3.553032 7.620512 3.806968 0 P 0
L 7.620512 3.553032 7.809488 3.553032 0 P 0
L 7.620512 3.806968 7.809488 3.806968 0 P 0
L 7.671692 3.921418 7.671692 4.098582 1 P 0
L 7.671692 3.921418 7.758308 3.921418 1 P 0
L 7.671692 4.098582 7.758308 4.098582 1 P 0
L 7.695314 4.01 7.734686 4.01 0 P 0
L 7.715 3.990316 7.715 4.029686 0 P 0
L 7.744882 8.115876 7.744882 8.462332 1 P 0
L 7.744882 8.115876 8.158268 8.115876 1 P 0
L 7.744882 8.462332 8.158268 8.462332 1 P 0
L 7.758308 3.921418 7.758308 4.098582 1 P 0
L 7.809488 3.553032 7.809488 3.806968 0 P 0
L 7.809842 7.8513 7.809842 8.028464 1 P 0
L 7.809842 7.8513 7.896456 7.8513 1 P 0
L 7.809842 8.028464 7.896456 8.028464 1 P 0
L 7.817874 7.68685 7.817874 7.79315 1 P 0
L 7.817874 7.68685 7.87693 7.68685 1 P 0
L 7.817874 7.79315 7.87693 7.79315 1 P 0
L 7.8287 7.74 7.866102 7.74 0 P 0
L 7.831692 3.9163 7.831692 4.093464 1 P 0
L 7.831692 3.9163 7.918308 3.9163 1 P 0
L 7.831692 4.093464 7.918308 4.093464 1 P 0
L 7.833464 7.939882 7.872834 7.939882 0 P 0
L 7.835039 3.771772 7.835039 3.868228 1 P 0
L 7.835039 3.771772 7.909843 3.771772 1 P 0
L 7.835039 3.868228 7.909843 3.868228 1 P 0
L 7.847402 7.7213 7.847402 7.7587 0 P 0
L 7.85315 7.920196 7.85315 7.959566 0 P 0
L 7.855314 4.004882 7.894686 4.004882 0 P 0
L 7.875 3.985198 7.875 4.024568 0 P 0
L 7.87693 7.68685 7.87693 7.79315 1 P 0
L 7.881732 5.015394 7.881732 5.314606 1 P 0
L 7.881732 5.015394 8.098268 5.015394 1 P 0
L 7.881732 5.314606 8.098268 5.314606 1 P 0
L 7.896456 7.8513 7.896456 8.028464 1 P 0
L 7.909843 3.771772 7.909843 3.868228 1 P 0
L 7.918308 3.9163 7.918308 4.093464 1 P 0
L 7.936418 3.772086 7.936418 3.858702 1 P 0
L 7.936418 3.772086 8.113582 3.772086 1 P 0
L 7.936418 3.858702 8.113582 3.858702 1 P 0
L 8.005316 3.815394 8.044686 3.815394 0 P 0
L 8.025 3.795708 8.025 3.835078 0 P 0
L 8.098268 5.015394 8.098268 5.314606 1 P 0
L 8.113582 3.772086 8.113582 3.858702 1 P 0
L 8.128346 5.071732 8.128346 5.288268 1 P 0
L 8.128346 5.071732 8.421654 5.071732 1 P 0
L 8.128346 5.288268 8.421654 5.288268 1 P 0
L 8.158268 8.115876 8.158268 8.462332 1 P 0
L 8.173818 5.920708 8.173818 6.009292 0 P 0
L 8.173818 5.920708 8.276182 5.920708 0 P 0
L 8.173818 6.009292 8.276182 6.009292 0 P 0
L 8.210472 6.02685 8.210472 6.13315 1 P 0
L 8.210472 6.02685 8.269528 6.02685 1 P 0
L 8.210472 6.13315 8.269528 6.13315 1 P 0
L 8.2213 6.08 8.2587 6.08 0 P 0
L 8.24 6.0613 8.24 6.0987 0 P 0
L 8.269528 6.02685 8.269528 6.13315 1 P 0
L 8.276182 5.920708 8.276182 6.009292 0 P 0
L 8.302598 3.326772 8.302598 3.423228 1 P 0
L 8.302598 3.326772 8.377402 3.326772 1 P 0
L 8.302598 3.423228 8.377402 3.423228 1 P 0
L 8.377402 3.326772 8.377402 3.423228 1 P 0
L 8.421654 5.071732 8.421654 5.288268 1 P 0
L 8.446732 4.815394 8.446732 5.114606 1 P 0
L 8.446732 4.815394 8.663268 4.815394 1 P 0
L 8.446732 5.114606 8.663268 5.114606 1 P 0
L 8.511692 3.3064179 8.511692 3.4835819 1 P 0
L 8.511692 3.3064179 8.598308 3.3064179 1 P 0
L 8.511692 3.4835819 8.598308 3.4835819 1 P 0
L 8.535314 3.3949999 8.574686 3.3949999 0 P 0
L 8.555 3.3753159 8.555 3.4146859 0 P 0
L 8.598308 3.3064179 8.598308 3.4835819 1 P 0
L 8.634882 8.112678 8.634882 8.459134 1 P 0
L 8.634882 8.112678 9.048268 8.112678 1 P 0
L 8.634882 8.459134 9.048268 8.459134 1 P 0
L 8.650472 5.853278 8.650472 5.959578 1 P 0
L 8.650472 5.853278 8.709528 5.853278 1 P 0
L 8.650472 5.959578 8.709528 5.959578 1 P 0
L 8.6613 5.906428 8.6987 5.906428 0 P 0
L 8.663268 4.815394 8.663268 5.114606 1 P 0
L 8.665472 6.060444 8.665472 6.166742 1 P 0
L 8.665472 6.060444 8.724528 6.060444 1 P 0
L 8.665472 6.166742 8.724528 6.166742 1 P 0
L 8.6763 6.113592 8.7137 6.113592 0 P 0
L 8.68 5.887728 8.68 5.925128 0 P 0
L 8.695 6.094892 8.695 6.132294 0 P 0
L 8.699842 7.871418 8.699842 8.048582 1 P 0
L 8.699842 7.871418 8.786456 7.871418 1 P 0
L 8.699842 8.048582 8.786456 8.048582 1 P 0
L 8.709528 5.853278 8.709528 5.959578 1 P 0
L 8.713622 7.68685 8.713622 7.79315 1 P 0
L 8.713622 7.68685 8.772678 7.68685 1 P 0
L 8.713622 7.79315 8.772678 7.79315 1 P 0
L 8.723464 7.96 8.762834 7.96 0 P 0
L 8.724448 7.74 8.76185 7.74 0 P 0
L 8.724528 6.060444 8.724528 6.166742 1 P 0
L 8.74315 7.7213 8.74315 7.7587 0 P 0
L 8.74315 7.940316 8.74315 7.979686 0 P 0
L 8.772678 7.68685 8.772678 7.79315 1 P 0
L 8.786456 7.871418 8.786456 8.048582 1 P 0
L 8.78744 5.985472 8.78744 6.044528 1 P 0
L 8.78744 5.985472 8.89374 5.985472 1 P 0
L 8.78744 6.044528 8.89374 6.044528 1 P 0
L 8.82189 6.015 8.859292 6.015 0 P 0
L 8.84059 5.9963 8.84059 6.0337 0 P 0
L 8.89374 5.985472 8.89374 6.044528 1 P 0
L 9.048268 8.112678 9.048268 8.459134 1 P 0
