#Layer_Color=32896
#
#Feature symbol names
#
$0 r15.748
$1 r7.874
$2 r60
$3 r7
$4 r3.937
$5 r10

#
#Feature attribute names
#
@0 .geometry
@1 .pad_usage
@2 .nomenclature
@3 .string
@4 .string_angle

#
#Feature attribute text strings
#
&0 
&1 LED4
&2 B1

#
#Layer features
#
A 7.711063 3.57 7.718937 3.57 7.715 3.57 1 P 0 N
A 7.718937 3.57 7.711063 3.57 7.715 3.57 1 P 0 N
A 8.7313385 2.9660531 8.7313385 2.9660531 8.4065354 2.9660531 0 P 0 N
L 2.631 5.494 4.164 5.494 3 P 0
L 2.631 5.501 4.164 5.501 3 P 0
L 2.638 5.487 4.164 5.487 3 P 0
L 2.645 5.48 4.164 5.48 3 P 0
L 2.652 5.473 4.164 5.473 3 P 0
L 2.659 5.466 4.164 5.466 3 P 0
L 2.659 5.508 4.164 5.508 3 P 0
L 2.666 5.459 4.164 5.459 3 P 0
L 2.68 5.515 4.164 5.515 3 P 0
L 2.687 5.445 4.164 5.445 3 P 0
L 2.687 5.452 4.164 5.452 3 P 0
L 2.701 5.438 4.164 5.438 3 P 0
L 2.708 5.424 4.164 5.424 3 P 0
L 2.708 5.431 4.164 5.431 3 P 0
L 2.708 5.522 4.164 5.522 3 P 0
L 2.715 5.529 4.164 5.529 3 P 0
L 2.715 6.502 2.799 6.502 3 P 0
L 2.715 6.509 2.785 6.509 3 P 0
L 2.715 6.516 2.75 6.516 3 P 0
L 2.715 6.523 2.729 6.523 3 P 0
L 2.722 5.417 4.164 5.417 3 P 0
L 2.722 6.495 2.827 6.495 3 P 0
L 2.729 6.467 2.925 6.467 3 P 0
L 2.729 6.474 2.897 6.474 3 P 0
L 2.729 6.481 2.855 6.481 3 P 0
L 2.729 6.488 2.855 6.488 3 P 0
L 2.736 5.41 4.164 5.41 3 P 0
L 2.736 5.536 4.164 5.536 3 P 0
L 2.736 6.439 3.023 6.439 3 P 0
L 2.736 6.446 2.995 6.446 3 P 0
L 2.736 6.453 2.96 6.453 3 P 0
L 2.736 6.46 2.953 6.46 3 P 0
L 2.743 6.425 3.065 6.425 3 P 0
L 2.743 6.432 3.037 6.432 3 P 0
L 2.75 5.396 4.164 5.396 3 P 0
L 2.75 5.403 4.164 5.403 3 P 0
L 2.75 6.383 3.254 6.383 3 P 0
L 2.75 6.397 3.184 6.397 3 P 0
L 2.75 6.404 3.142 6.404 3 P 0
L 2.75 6.411 3.128 6.411 3 P 0
L 2.75 6.418 3.1 6.418 3 P 0
L 2.757 5.389 4.164 5.389 3 P 0
L 2.757 6.355 4.003 6.355 3 P 0
L 2.757 6.362 3.996 6.362 3 P 0
L 2.757 6.369 3.989 6.369 3 P 0
L 2.757 6.376 3.982 6.376 3 P 0
L 2.757 6.39 3.226 6.39 3 P 0
L 2.764 5.543 4.164 5.543 3 P 0
L 2.764 5.55 4.164 5.55 3 P 0
L 2.764 6.327 4.024 6.327 3 P 0
L 2.764 6.334 4.01 6.334 3 P 0
L 2.764 6.341 4.01 6.341 3 P 0
L 2.764 6.348 4.003 6.348 3 P 0
L 2.771 5.375 4.164 5.375 3 P 0
L 2.771 5.382 4.164 5.382 3 P 0
L 2.771 6.313 4.031 6.313 3 P 0
L 2.771 6.32 4.031 6.32 3 P 0
L 2.778 5.368 4.164 5.368 3 P 0
L 2.778 6.285 4.059 6.285 3 P 0
L 2.778 6.292 4.059 6.292 3 P 0
L 2.778 6.299 4.045 6.299 3 P 0
L 2.778 6.306 4.038 6.306 3 P 0
L 2.785 5.361 4.164 5.361 3 P 0
L 2.785 5.557 4.164 5.557 3 P 0
L 2.785 6.264 4.073 6.264 3 P 0
L 2.785 6.271 4.073 6.271 3 P 0
L 2.785 6.278 4.073 6.278 3 P 0
L 2.792 5.354 4.164 5.354 3 P 0
L 2.792 6.25 4.094 6.25 3 P 0
L 2.792 6.257 4.08 6.257 3 P 0
L 2.799 6.208 4.129 6.208 3 P 0
L 2.799 6.215 4.122 6.215 3 P 0
L 2.799 6.222 4.115 6.222 3 P 0
L 2.799 6.229 4.115 6.229 3 P 0
L 2.799 6.236 4.101 6.236 3 P 0
L 2.799 6.243 4.101 6.243 3 P 0
L 2.806 5.347 4.164 5.347 3 P 0
L 2.806 6.187 4.15 6.187 3 P 0
L 2.806 6.194 4.143 6.194 3 P 0
L 2.806 6.201 4.136 6.201 3 P 0
L 2.813 6.18 4.15 6.18 3 P 0
L 2.82 5.34 4.164 5.34 3 P 0
L 2.82 5.564 4.164 5.564 3 P 0
L 2.82 5.571 4.164 5.571 3 P 0
L 2.82 6.138 4.192 6.138 3 P 0
L 2.82 6.145 4.178 6.145 3 P 0
L 2.82 6.152 4.178 6.152 3 P 0
L 2.82 6.159 4.171 6.159 3 P 0
L 2.82 6.166 4.164 6.166 3 P 0
L 2.82 6.173 4.164 6.173 3 P 0
L 2.827 5.333 4.164 5.333 3 P 0
L 2.827 6.11 4.22 6.11 3 P 0
L 2.827 6.117 4.213 6.117 3 P 0
L 2.827 6.124 4.206 6.124 3 P 0
L 2.827 6.131 4.192 6.131 3 P 0
L 2.834 5.326 4.164 5.326 3 P 0
L 2.834 6.068 4.262 6.068 3 P 0
L 2.834 6.075 4.262 6.075 3 P 0
L 2.834 6.082 4.248 6.082 3 P 0
L 2.834 6.089 4.241 6.089 3 P 0
L 2.834 6.096 4.227 6.096 3 P 0
L 2.834 6.103 4.227 6.103 3 P 0
L 2.841 5.319 4.164 5.319 3 P 0
L 2.841 5.578 4.164 5.578 3 P 0
L 2.848 5.312 4.164 5.312 3 P 0
L 2.848 5.585 4.164 5.585 3 P 0
L 2.848 6.026 4.794 6.026 3 P 0
L 2.848 6.033 4.794 6.033 3 P 0
L 2.848 6.04 4.794 6.04 3 P 0
L 2.848 6.047 4.794 6.047 3 P 0
L 2.848 6.054 4.794 6.054 3 P 0
L 2.848 6.061 4.297 6.061 3 P 0
L 2.855 5.305 4.164 5.305 3 P 0
L 2.855 6.012 4.794 6.012 3 P 0
L 2.855 6.019 4.794 6.019 3 P 0
L 2.862 5.998 4.794 5.998 3 P 0
L 2.862 6.005 4.794 6.005 3 P 0
L 2.869 5.298 4.164 5.298 3 P 0
L 2.869 5.592 4.164 5.592 3 P 0
L 2.869 5.599 4.164 5.599 3 P 0
L 2.869 5.963 4.794 5.963 3 P 0
L 2.869 5.97 4.794 5.97 3 P 0
L 2.869 5.977 4.794 5.977 3 P 0
L 2.869 5.984 4.794 5.984 3 P 0
L 2.869 5.991 4.794 5.991 3 P 0
L 2.876 5.291 4.164 5.291 3 P 0
L 2.876 5.606 4.164 5.606 3 P 0
L 2.876 5.921 4.794 5.921 3 P 0
L 2.876 5.928 4.794 5.928 3 P 0
L 2.876 5.935 4.794 5.935 3 P 0
L 2.876 5.942 4.794 5.942 3 P 0
L 2.876 5.949 4.794 5.949 3 P 0
L 2.876 5.956 4.794 5.956 3 P 0
L 2.883 5.277 4.164 5.277 3 P 0
L 2.883 5.284 4.164 5.284 3 P 0
L 2.883 5.613 4.164 5.613 3 P 0
L 2.883 5.62 4.164 5.62 3 P 0
L 2.883 5.9 4.794 5.9 3 P 0
L 2.883 5.907 4.794 5.907 3 P 0
L 2.883 5.914 4.794 5.914 3 P 0
L 2.89 5.879 4.794 5.879 3 P 0
L 2.89 5.886 4.794 5.886 3 P 0
L 2.89 5.893 4.794 5.893 3 P 0
L 2.897 5.27 4.164 5.27 3 P 0
L 2.897 5.627 4.164 5.627 3 P 0
L 2.897 5.634 4.164 5.634 3 P 0
L 2.897 5.83 4.164 5.83 3 P 0
L 2.897 5.837 4.164 5.837 3 P 0
L 2.897 5.844 4.164 5.844 3 P 0
L 2.897 5.851 4.164 5.851 3 P 0
L 2.897 5.858 4.171 5.858 3 P 0
L 2.897 5.865 4.171 5.865 3 P 0
L 2.897 5.872 4.794 5.872 3 P 0
L 2.904 5.263 4.164 5.263 3 P 0
L 2.904 5.641 4.164 5.641 3 P 0
L 2.904 5.648 4.164 5.648 3 P 0
L 2.904 5.655 4.164 5.655 3 P 0
L 2.904 5.781 4.164 5.781 3 P 0
L 2.904 5.788 4.164 5.788 3 P 0
L 2.904 5.795 4.164 5.795 3 P 0
L 2.904 5.802 4.164 5.802 3 P 0
L 2.904 5.809 4.164 5.809 3 P 0
L 2.904 5.816 4.164 5.816 3 P 0
L 2.904 5.823 4.164 5.823 3 P 0
L 2.911 5.256 4.164 5.256 3 P 0
L 2.911 5.662 4.164 5.662 3 P 0
L 2.911 5.669 4.164 5.669 3 P 0
L 2.911 5.774 4.164 5.774 3 P 0
L 2.918 5.676 4.164 5.676 3 P 0
L 2.918 5.683 4.164 5.683 3 P 0
L 2.918 5.69 4.164 5.69 3 P 0
L 2.918 5.697 4.164 5.697 3 P 0
L 2.918 5.704 4.164 5.704 3 P 0
L 2.918 5.711 4.164 5.711 3 P 0
L 2.918 5.718 4.164 5.718 3 P 0
L 2.918 5.725 4.164 5.725 3 P 0
L 2.918 5.732 4.164 5.732 3 P 0
L 2.918 5.739 4.164 5.739 3 P 0
L 2.918 5.746 4.164 5.746 3 P 0
L 2.918 5.753 4.164 5.753 3 P 0
L 2.918 5.76 4.164 5.76 3 P 0
L 2.918 5.767 4.164 5.767 3 P 0
L 2.925 5.249 4.164 5.249 3 P 0
L 2.932 5.235 4.164 5.235 3 P 0
L 2.932 5.242 4.164 5.242 3 P 0
L 2.946 5.228 4.164 5.228 3 P 0
L 2.96 5.221 4.164 5.221 3 P 0
L 2.967 5.207 4.164 5.207 3 P 0
L 2.967 5.214 4.164 5.214 3 P 0
L 2.988 5.2 4.794 5.2 3 P 0
L 2.995 5.193 4.794 5.193 3 P 0
L 3.002 5.186 4.794 5.186 3 P 0
L 3.009 5.179 4.794 5.179 3 P 0
L 3.016 5.172 4.794 5.172 3 P 0
L 3.023 5.165 4.794 5.165 3 P 0
L 3.03 5.158 4.794 5.158 3 P 0
L 3.037 5.151 4.794 5.151 3 P 0
L 3.051 5.137 4.794 5.137 3 P 0
L 3.051 5.144 4.794 5.144 3 P 0
L 3.065 5.13 4.794 5.13 3 P 0
L 3.079 5.123 4.794 5.123 3 P 0
L 3.086 5.109 4.794 5.109 3 P 0
L 3.086 5.116 4.794 5.116 3 P 0
L 3.093 5.102 4.794 5.102 3 P 0
L 3.114 5.088 4.794 5.088 3 P 0
L 3.114 5.095 4.794 5.095 3 P 0
L 3.121 5.081 4.794 5.081 3 P 0
L 3.135 5.074 4.794 5.074 3 P 0
L 3.142 5.067 4.794 5.067 3 P 0
L 3.149 5.06 4.794 5.06 3 P 0
L 3.156 5.053 4.794 5.053 3 P 0
L 3.17 5.039 4.794 5.039 3 P 0
L 3.17 5.046 4.794 5.046 3 P 0
L 3.184 5.032 4.794 5.032 3 P 0
L 3.191 5.025 4.794 5.025 3 P 0
L 3.198 5.018 4.794 5.018 3 P 0
L 3.205 5.011 4.794 5.011 3 P 0
L 3.212 5.004 4.794 5.004 3 P 0
L 3.233 4.99 4.794 4.99 3 P 0
L 3.233 4.997 4.794 4.997 3 P 0
L 3.24 4.983 4.794 4.983 3 P 0
L 3.254 4.976 4.794 4.976 3 P 0
L 3.261 4.969 4.794 4.969 3 P 0
L 3.268 4.955 4.794 4.955 3 P 0
L 3.268 4.962 4.794 4.962 3 P 0
L 3.289 4.941 4.794 4.941 3 P 0
L 3.289 4.948 4.794 4.948 3 P 0
L 3.303 4.934 4.794 4.934 3 P 0
L 3.31 4.927 4.794 4.927 3 P 0
L 3.317 4.92 4.794 4.92 3 P 0
L 3.324 4.913 4.794 4.913 3 P 0
L 3.331 4.906 4.794 4.906 3 P 0
L 3.338 4.899 4.794 4.899 3 P 0
L 3.352 4.892 4.794 4.892 3 P 0
L 3.359 4.885 4.794 4.885 3 P 0
L 3.373 4.871 4.794 4.871 3 P 0
L 3.373 4.878 4.794 4.878 3 P 0
L 3.387 4.857 4.794 4.857 3 P 0
L 3.387 4.864 4.794 4.864 3 P 0
L 3.394 4.85 4.794 4.85 3 P 0
L 3.408 4.843 4.794 4.843 3 P 0
L 3.408 6.383 3.975 6.383 3 P 0
L 3.422 4.836 4.794 4.836 3 P 0
L 3.422 6.39 3.968 6.39 3 P 0
L 3.429 4.829 4.794 4.829 3 P 0
L 3.436 4.815 4.794 4.815 3 P 0
L 3.436 4.822 4.794 4.822 3 P 0
L 3.443 6.397 3.961 6.397 3 P 0
L 3.45 4.801 4.794 4.801 3 P 0
L 3.45 4.808 4.794 4.808 3 P 0
L 3.457 6.404 3.954 6.404 3 P 0
L 3.471 4.794 4.794 4.794 3 P 0
L 3.471 6.411 3.954 6.411 3 P 0
L 3.478 4.787 4.794 4.787 3 P 0
L 3.478 6.418 3.947 6.418 3 P 0
L 3.485 6.425 3.933 6.425 3 P 0
L 3.492 4.773 4.794 4.773 3 P 0
L 3.492 4.78 4.794 4.78 3 P 0
L 3.492 6.432 3.926 6.432 3 P 0
L 3.492 6.439 3.926 6.439 3 P 0
L 3.499 4.766 4.794 4.766 3 P 0
L 3.499 6.446 3.919 6.446 3 P 0
L 3.506 4.759 4.794 4.759 3 P 0
L 3.506 6.453 3.912 6.453 3 P 0
L 3.513 4.752 4.794 4.752 3 P 0
L 3.513 6.46 3.905 6.46 3 P 0
L 3.52 4.745 4.794 4.745 3 P 0
L 3.52 6.467 3.898 6.467 3 P 0
L 3.527 6.474 3.891 6.474 3 P 0
L 3.527 6.481 3.884 6.481 3 P 0
L 3.527 6.488 3.877 6.488 3 P 0
L 3.541 4.738 4.794 4.738 3 P 0
L 3.541 6.495 3.877 6.495 3 P 0
L 3.541 6.502 3.863 6.502 3 P 0
L 3.541 6.509 3.863 6.509 3 P 0
L 3.548 4.731 4.794 4.731 3 P 0
L 3.548 6.516 3.856 6.516 3 P 0
L 3.548 6.523 3.849 6.523 3 P 0
L 3.555 4.724 4.794 4.724 3 P 0
L 3.555 6.53 3.849 6.53 3 P 0
L 3.555 6.537 3.842 6.537 3 P 0
L 3.555 6.544 3.835 6.544 3 P 0
L 3.562 4.717 4.794 4.717 3 P 0
L 3.569 4.703 4.794 4.703 3 P 0
L 3.569 4.71 4.794 4.71 3 P 0
L 3.569 6.551 3.828 6.551 3 P 0
L 3.569 6.558 3.821 6.558 3 P 0
L 3.569 6.565 3.814 6.565 3 P 0
L 3.569 6.572 3.807 6.572 3 P 0
L 3.576 6.579 3.807 6.579 3 P 0
L 3.576 6.586 3.793 6.586 3 P 0
L 3.576 6.593 3.786 6.593 3 P 0
L 3.583 4.696 4.794 4.696 3 P 0
L 3.59 6.6 3.772 6.6 3 P 0
L 3.59 6.607 3.772 6.607 3 P 0
L 3.59 6.614 3.772 6.614 3 P 0
L 3.59 6.621 3.765 6.621 3 P 0
L 3.597 4.682 4.794 4.682 3 P 0
L 3.597 4.689 4.794 4.689 3 P 0
L 3.597 6.628 3.758 6.628 3 P 0
L 3.597 6.635 3.751 6.635 3 P 0
L 3.597 6.642 3.744 6.642 3 P 0
L 3.604 6.649 3.737 6.649 3 P 0
L 3.604 6.656 3.73 6.656 3 P 0
L 3.611 4.675 4.794 4.675 3 P 0
L 3.611 6.663 3.723 6.663 3 P 0
L 3.618 4.668 4.794 4.668 3 P 0
L 3.618 6.67 3.716 6.67 3 P 0
L 3.618 6.677 3.716 6.677 3 P 0
L 3.618 6.684 3.709 6.684 3 P 0
L 3.618 6.691 3.695 6.691 3 P 0
L 3.625 4.661 4.794 4.661 3 P 0
L 3.625 6.698 3.695 6.698 3 P 0
L 3.625 6.705 3.695 6.705 3 P 0
L 3.625 6.712 3.688 6.712 3 P 0
L 3.632 4.654 4.794 4.654 3 P 0
L 3.639 6.719 3.674 6.719 3 P 0
L 3.639 6.726 3.667 6.726 3 P 0
L 3.639 6.733 3.66 6.733 3 P 0
L 3.639 6.74 3.653 6.74 3 P 0
L 3.646 4.647 4.794 4.647 3 P 0
L 3.646 6.747 3.653 6.747 3 P 0
L 3.66 4.633 4.794 4.633 3 P 0
L 3.66 4.64 4.794 4.64 3 P 0
L 3.667 4.626 4.794 4.626 3 P 0
L 3.674 4.619 4.794 4.619 3 P 0
L 3.688 4.612 4.794 4.612 3 P 0
L 3.695 4.605 4.794 4.605 3 P 0
L 3.709 4.598 4.794 4.598 3 P 0
L 3.716 4.591 4.794 4.591 3 P 0
L 3.723 4.584 4.794 4.584 3 P 0
L 3.737 3.961 3.751 3.961 3 P 0
L 3.737 3.968 3.765 3.968 3 P 0
L 3.737 4.577 4.794 4.577 3 P 0
L 3.744 3.975 3.835 3.975 3 P 0
L 3.744 3.982 3.905 3.982 3 P 0
L 3.744 3.989 3.905 3.989 3 P 0
L 3.744 4.563 4.794 4.563 3 P 0
L 3.744 4.57 4.794 4.57 3 P 0
L 3.751 3.996 3.961 3.996 3 P 0
L 3.758 4.003 4.031 4.003 3 P 0
L 3.758 4.01 4.087 4.01 3 P 0
L 3.758 4.556 4.794 4.556 3 P 0
L 3.765 4.017 4.094 4.017 3 P 0
L 3.765 4.024 4.157 4.024 3 P 0
L 3.772 4.031 4.213 4.031 3 P 0
L 3.772 4.038 4.22 4.038 3 P 0
L 3.772 4.549 4.794 4.549 3 P 0
L 3.779 4.045 4.283 4.045 3 P 0
L 3.779 4.052 4.353 4.052 3 P 0
L 3.786 4.059 4.402 4.059 3 P 0
L 3.786 4.066 4.409 4.066 3 P 0
L 3.786 4.073 4.479 4.073 3 P 0
L 3.786 4.535 6.467 4.535 3 P 0
L 3.786 4.542 6.467 4.542 3 P 0
L 3.793 4.08 4.521 4.08 3 P 0
L 3.793 4.087 4.535 4.087 3 P 0
L 3.793 4.094 4.605 4.094 3 P 0
L 3.793 4.528 6.453 4.528 3 P 0
L 3.807 4.101 4.668 4.101 3 P 0
L 3.807 4.108 4.717 4.108 3 P 0
L 3.807 4.115 4.731 4.115 3 P 0
L 3.807 4.122 4.787 4.122 3 P 0
L 3.807 4.514 6.446 4.514 3 P 0
L 3.807 4.521 6.446 4.521 3 P 0
L 3.814 4.129 4.815 4.129 3 P 0
L 3.814 4.136 4.864 4.136 3 P 0
L 3.814 4.143 6.432 4.143 3 P 0
L 3.814 4.507 6.432 4.507 3 P 0
L 3.828 4.15 6.425 4.15 3 P 0
L 3.828 4.157 6.425 4.157 3 P 0
L 3.828 4.164 6.425 4.164 3 P 0
L 3.828 4.171 6.425 4.171 3 P 0
L 3.828 4.493 6.418 4.493 3 P 0
L 3.828 4.5 6.425 4.5 3 P 0
L 3.835 4.178 6.418 4.178 3 P 0
L 3.835 4.185 6.418 4.185 3 P 0
L 3.835 4.192 6.418 4.192 3 P 0
L 3.835 4.199 6.411 4.199 3 P 0
L 3.835 4.479 6.411 4.479 3 P 0
L 3.835 4.486 6.418 4.486 3 P 0
L 3.842 4.206 6.404 4.206 3 P 0
L 3.842 4.465 6.404 4.465 3 P 0
L 3.842 4.472 6.404 4.472 3 P 0
L 3.849 4.213 6.404 4.213 3 P 0
L 3.849 4.22 6.404 4.22 3 P 0
L 3.849 4.227 6.404 4.227 3 P 0
L 3.849 4.234 6.397 4.234 3 P 0
L 3.849 4.458 6.404 4.458 3 P 0
L 3.856 4.241 6.397 4.241 3 P 0
L 3.856 4.248 6.397 4.248 3 P 0
L 3.856 4.255 6.397 4.255 3 P 0
L 3.856 4.262 6.397 4.262 3 P 0
L 3.856 4.269 6.397 4.269 3 P 0
L 3.856 4.276 6.397 4.276 3 P 0
L 3.856 4.437 6.397 4.437 3 P 0
L 3.856 4.444 6.397 4.444 3 P 0
L 3.856 4.451 6.397 4.451 3 P 0
L 3.863 4.283 6.383 4.283 3 P 0
L 3.863 4.29 6.383 4.29 3 P 0
L 3.863 4.297 6.383 4.297 3 P 0
L 3.863 4.304 6.383 4.304 3 P 0
L 3.863 4.311 6.383 4.311 3 P 0
L 3.863 4.318 6.383 4.318 3 P 0
L 3.863 4.325 6.383 4.325 3 P 0
L 3.863 4.423 6.383 4.423 3 P 0
L 3.863 4.43 6.39 4.43 3 P 0
L 3.87 4.332 6.383 4.332 3 P 0
L 3.87 4.388 6.376 4.388 3 P 0
L 3.87 4.395 6.383 4.395 3 P 0
L 3.87 4.402 6.383 4.402 3 P 0
L 3.87 4.409 6.383 4.409 3 P 0
L 3.87 4.416 6.383 4.416 3 P 0
L 3.877 4.339 6.376 4.339 3 P 0
L 3.877 4.346 6.376 4.346 3 P 0
L 3.877 4.353 6.376 4.353 3 P 0
L 3.877 4.36 6.376 4.36 3 P 0
L 3.877 4.367 6.376 4.367 3 P 0
L 3.877 4.374 6.376 4.374 3 P 0
L 3.877 4.381 6.376 4.381 3 P 0
L 4.115 7.573 4.129 7.573 3 P 0
L 4.122 7.524 4.206 7.524 3 P 0
L 4.122 7.531 4.192 7.531 3 P 0
L 4.122 7.538 4.192 7.538 3 P 0
L 4.122 7.545 4.178 7.545 3 P 0
L 4.122 7.552 4.164 7.552 3 P 0
L 4.122 7.559 4.143 7.559 3 P 0
L 4.122 7.566 4.143 7.566 3 P 0
L 4.129 7.482 4.283 7.482 3 P 0
L 4.129 7.489 4.262 7.489 3 P 0
L 4.129 7.496 4.255 7.496 3 P 0
L 4.129 7.503 4.241 7.503 3 P 0
L 4.129 7.51 4.227 7.51 3 P 0
L 4.129 7.517 4.213 7.517 3 P 0
L 4.143 7.426 4.367 7.426 3 P 0
L 4.143 7.433 4.353 7.433 3 P 0
L 4.143 7.44 4.339 7.44 3 P 0
L 4.143 7.447 4.339 7.447 3 P 0
L 4.143 7.454 4.318 7.454 3 P 0
L 4.143 7.461 4.311 7.461 3 P 0
L 4.143 7.468 4.304 7.468 3 P 0
L 4.143 7.475 4.29 7.475 3 P 0
L 4.15 7.384 4.437 7.384 3 P 0
L 4.15 7.391 4.416 7.391 3 P 0
L 4.15 7.398 4.416 7.398 3 P 0
L 4.15 7.405 4.402 7.405 3 P 0
L 4.15 7.412 4.388 7.412 3 P 0
L 4.15 7.419 4.381 7.419 3 P 0
L 4.164 7.335 4.528 7.335 3 P 0
L 4.164 7.342 4.507 7.342 3 P 0
L 4.164 7.349 4.507 7.349 3 P 0
L 4.164 7.356 4.486 7.356 3 P 0
L 4.164 7.363 4.465 7.363 3 P 0
L 4.164 7.37 4.465 7.37 3 P 0
L 4.164 7.377 4.458 7.377 3 P 0
L 4.171 7.286 6.082 7.286 3 P 0
L 4.171 7.293 6.082 7.293 3 P 0
L 4.171 7.3 6.082 7.3 3 P 0
L 4.171 7.307 6.082 7.307 3 P 0
L 4.171 7.314 4.577 7.314 3 P 0
L 4.171 7.321 4.549 7.321 3 P 0
L 4.171 7.328 4.549 7.328 3 P 0
L 4.178 7.244 6.068 7.244 3 P 0
L 4.178 7.251 6.068 7.251 3 P 0
L 4.178 7.258 6.068 7.258 3 P 0
L 4.178 7.265 6.068 7.265 3 P 0
L 4.178 7.272 6.068 7.272 3 P 0
L 4.178 7.279 6.068 7.279 3 P 0
L 4.185 7.237 6.061 7.237 3 P 0
L 4.192 7.195 6.061 7.195 3 P 0
L 4.192 7.202 6.061 7.202 3 P 0
L 4.192 7.209 6.061 7.209 3 P 0
L 4.192 7.216 6.061 7.216 3 P 0
L 4.192 7.223 6.061 7.223 3 P 0
L 4.192 7.23 6.061 7.23 3 P 0
L 4.199 7.16 6.047 7.16 3 P 0
L 4.199 7.167 6.047 7.167 3 P 0
L 4.199 7.174 6.047 7.174 3 P 0
L 4.199 7.181 6.047 7.181 3 P 0
L 4.199 7.188 6.061 7.188 3 P 0
L 4.206 7.146 6.047 7.146 3 P 0
L 4.206 7.153 6.047 7.153 3 P 0
L 4.213 7.09 6.033 7.09 3 P 0
L 4.213 7.097 6.04 7.097 3 P 0
L 4.213 7.104 6.04 7.104 3 P 0
L 4.213 7.111 6.04 7.111 3 P 0
L 4.213 7.118 6.04 7.118 3 P 0
L 4.213 7.125 6.04 7.125 3 P 0
L 4.213 7.132 6.04 7.132 3 P 0
L 4.213 7.139 6.047 7.139 3 P 0
L 4.22 7.048 6.026 7.048 3 P 0
L 4.22 7.055 6.026 7.055 3 P 0
L 4.22 7.062 6.026 7.062 3 P 0
L 4.22 7.069 6.026 7.069 3 P 0
L 4.22 7.076 6.026 7.076 3 P 0
L 4.22 7.083 6.026 7.083 3 P 0
L 4.227 7.006 6.019 7.006 3 P 0
L 4.227 7.013 6.019 7.013 3 P 0
L 4.227 7.02 6.019 7.02 3 P 0
L 4.227 7.027 6.019 7.027 3 P 0
L 4.227 7.034 6.019 7.034 3 P 0
L 4.227 7.041 6.019 7.041 3 P 0
L 4.234 6.985 6.012 6.985 3 P 0
L 4.234 6.992 6.012 6.992 3 P 0
L 4.234 6.999 6.019 6.999 3 P 0
L 4.241 6.95 6.005 6.95 3 P 0
L 4.241 6.957 6.005 6.957 3 P 0
L 4.241 6.964 6.012 6.964 3 P 0
L 4.241 6.971 6.012 6.971 3 P 0
L 4.241 6.978 6.012 6.978 3 P 0
L 4.248 6.908 5.998 6.908 3 P 0
L 4.248 6.915 5.998 6.915 3 P 0
L 4.248 6.922 5.998 6.922 3 P 0
L 4.248 6.929 5.998 6.929 3 P 0
L 4.248 6.936 5.998 6.936 3 P 0
L 4.248 6.943 5.998 6.943 3 P 0
L 4.255 6.901 5.998 6.901 3 P 0
L 4.262 6.859 5.991 6.859 3 P 0
L 4.262 6.866 5.991 6.866 3 P 0
L 4.262 6.873 5.991 6.873 3 P 0
L 4.262 6.88 5.991 6.88 3 P 0
L 4.262 6.887 5.991 6.887 3 P 0
L 4.262 6.894 5.991 6.894 3 P 0
L 4.269 6.803 5.977 6.803 3 P 0
L 4.269 6.81 5.977 6.81 3 P 0
L 4.269 6.817 5.977 6.817 3 P 0
L 4.269 6.824 5.977 6.824 3 P 0
L 4.269 6.831 5.977 6.831 3 P 0
L 4.269 6.838 5.977 6.838 3 P 0
L 4.269 6.845 5.984 6.845 3 P 0
L 4.269 6.852 5.991 6.852 3 P 0
L 4.283 6.754 5.97 6.754 3 P 0
L 4.283 6.761 5.97 6.761 3 P 0
L 4.283 6.768 5.97 6.768 3 P 0
L 4.283 6.775 5.97 6.775 3 P 0
L 4.283 6.782 5.97 6.782 3 P 0
L 4.283 6.789 5.97 6.789 3 P 0
L 4.283 6.796 5.97 6.796 3 P 0
L 4.29 6.705 5.956 6.705 3 P 0
L 4.29 6.712 5.963 6.712 3 P 0
L 4.29 6.719 5.963 6.719 3 P 0
L 4.29 6.726 5.963 6.726 3 P 0
L 4.29 6.733 5.963 6.733 3 P 0
L 4.29 6.74 5.963 6.74 3 P 0
L 4.29 6.747 5.963 6.747 3 P 0
L 4.297 6.663 5.949 6.663 3 P 0
L 4.297 6.67 5.949 6.67 3 P 0
L 4.297 6.677 5.949 6.677 3 P 0
L 4.297 6.684 5.949 6.684 3 P 0
L 4.297 6.691 5.949 6.691 3 P 0
L 4.297 6.698 5.949 6.698 3 P 0
L 4.304 6.649 5.949 6.649 3 P 0
L 4.304 6.656 5.949 6.656 3 P 0
L 4.311 6.6 5.935 6.6 3 P 0
L 4.311 6.607 5.935 6.607 3 P 0
L 4.311 6.614 5.935 6.614 3 P 0
L 4.311 6.621 5.942 6.621 3 P 0
L 4.311 6.628 5.942 6.628 3 P 0
L 4.311 6.635 5.942 6.635 3 P 0
L 4.311 6.642 5.942 6.642 3 P 0
L 4.318 6.061 4.794 6.061 3 P 0
L 4.318 6.565 5.928 6.565 3 P 0
L 4.318 6.572 5.928 6.572 3 P 0
L 4.318 6.579 5.928 6.579 3 P 0
L 4.318 6.586 5.928 6.586 3 P 0
L 4.318 6.593 5.928 6.593 3 P 0
L 4.325 6.551 5.928 6.551 3 P 0
L 4.325 6.558 5.928 6.558 3 P 0
L 4.332 6.516 5.921 6.516 3 P 0
L 4.332 6.523 5.921 6.523 3 P 0
L 4.332 6.53 5.921 6.53 3 P 0
L 4.332 6.537 5.921 6.537 3 P 0
L 4.332 6.544 5.921 6.544 3 P 0
L 4.339 6.453 4.794 6.453 3 P 0
L 4.339 6.46 4.794 6.46 3 P 0
L 4.339 6.467 4.794 6.467 3 P 0
L 4.339 6.474 4.794 6.474 3 P 0
L 4.339 6.481 4.794 6.481 3 P 0
L 4.339 6.488 4.794 6.488 3 P 0
L 4.339 6.495 5.914 6.495 3 P 0
L 4.339 6.502 5.914 6.502 3 P 0
L 4.339 6.509 5.914 6.509 3 P 0
L 4.346 6.068 4.794 6.068 3 P 0
L 4.346 6.075 4.794 6.075 3 P 0
L 4.346 6.418 4.794 6.418 3 P 0
L 4.346 6.425 4.794 6.425 3 P 0
L 4.346 6.432 4.794 6.432 3 P 0
L 4.346 6.439 4.794 6.439 3 P 0
L 4.346 6.446 4.794 6.446 3 P 0
L 4.353 6.404 4.794 6.404 3 P 0
L 4.353 6.411 4.794 6.411 3 P 0
L 4.36 6.082 4.794 6.082 3 P 0
L 4.36 6.362 4.794 6.362 3 P 0
L 4.36 6.369 4.794 6.369 3 P 0
L 4.36 6.376 4.794 6.376 3 P 0
L 4.36 6.383 4.794 6.383 3 P 0
L 4.36 6.39 4.794 6.39 3 P 0
L 4.36 6.397 4.794 6.397 3 P 0
L 4.367 6.32 4.794 6.32 3 P 0
L 4.367 6.327 4.794 6.327 3 P 0
L 4.367 6.334 4.794 6.334 3 P 0
L 4.367 6.341 4.794 6.341 3 P 0
L 4.367 6.348 4.794 6.348 3 P 0
L 4.367 6.355 4.794 6.355 3 P 0
L 4.374 6.306 4.794 6.306 3 P 0
L 4.374 6.313 4.794 6.313 3 P 0
L 4.381 6.089 4.794 6.089 3 P 0
L 4.381 6.096 4.794 6.096 3 P 0
L 4.381 6.103 4.794 6.103 3 P 0
L 4.381 6.264 4.794 6.264 3 P 0
L 4.381 6.271 4.794 6.271 3 P 0
L 4.381 6.278 4.794 6.278 3 P 0
L 4.381 6.285 4.794 6.285 3 P 0
L 4.381 6.292 4.794 6.292 3 P 0
L 4.381 6.299 4.794 6.299 3 P 0
L 4.388 6.11 4.794 6.11 3 P 0
L 4.388 6.117 4.794 6.117 3 P 0
L 4.388 6.124 4.794 6.124 3 P 0
L 4.388 6.229 4.794 6.229 3 P 0
L 4.388 6.236 4.794 6.236 3 P 0
L 4.388 6.243 4.794 6.243 3 P 0
L 4.388 6.25 4.794 6.25 3 P 0
L 4.388 6.257 4.794 6.257 3 P 0
L 4.395 6.131 4.794 6.131 3 P 0
L 4.395 6.138 4.794 6.138 3 P 0
L 4.395 6.145 4.794 6.145 3 P 0
L 4.395 6.201 4.794 6.201 3 P 0
L 4.395 6.208 4.794 6.208 3 P 0
L 4.395 6.215 4.794 6.215 3 P 0
L 4.395 6.222 4.794 6.222 3 P 0
L 4.402 6.152 4.794 6.152 3 P 0
L 4.402 6.159 4.794 6.159 3 P 0
L 4.402 6.166 4.794 6.166 3 P 0
L 4.402 6.173 4.794 6.173 3 P 0
L 4.402 6.18 4.794 6.18 3 P 0
L 4.402 6.187 4.794 6.187 3 P 0
L 4.402 6.194 4.794 6.194 3 P 0
L 4.64 7.314 5.613 7.314 3 P 0
L 4.654 7.321 5.592 7.321 3 P 0
L 4.654 7.328 5.592 7.328 3 P 0
L 4.654 7.335 5.592 7.335 3 P 0
L 4.668 7.342 5.585 7.342 3 P 0
L 4.668 7.349 5.585 7.349 3 P 0
L 4.675 7.356 5.578 7.356 3 P 0
L 4.675 7.363 5.578 7.363 3 P 0
L 4.675 7.37 5.578 7.37 3 P 0
L 4.682 7.377 5.564 7.377 3 P 0
L 4.689 7.384 5.564 7.384 3 P 0
L 4.696 7.391 5.557 7.391 3 P 0
L 4.696 7.398 5.55 7.398 3 P 0
L 4.703 7.405 5.55 7.405 3 P 0
L 4.703 7.412 5.543 7.412 3 P 0
L 4.703 7.419 5.543 7.419 3 P 0
L 4.71 7.426 5.536 7.426 3 P 0
L 4.717 7.433 5.536 7.433 3 P 0
L 4.717 7.44 5.529 7.44 3 P 0
L 4.717 7.447 5.529 7.447 3 P 0
L 4.724 7.454 5.522 7.454 3 P 0
L 4.731 7.461 5.522 7.461 3 P 0
L 4.731 7.468 5.522 7.468 3 P 0
L 4.731 7.475 5.515 7.475 3 P 0
L 4.738 7.482 5.515 7.482 3 P 0
L 4.745 7.489 5.508 7.489 3 P 0
L 4.745 7.496 5.508 7.496 3 P 0
L 4.752 7.503 5.501 7.503 3 P 0
L 4.752 7.51 5.494 7.51 3 P 0
L 4.752 7.517 5.494 7.517 3 P 0
L 4.766 7.524 5.487 7.524 3 P 0
L 4.766 7.531 5.487 7.531 3 P 0
L 4.766 7.538 5.487 7.538 3 P 0
L 4.773 7.545 5.487 7.545 3 P 0
L 4.773 7.552 5.473 7.552 3 P 0
L 4.787 7.559 5.466 7.559 3 P 0
L 4.787 7.566 5.466 7.566 3 P 0
L 4.787 7.573 5.466 7.573 3 P 0
L 4.794 7.58 5.459 7.58 3 P 0
L 4.794 7.587 5.459 7.587 3 P 0
L 4.794 7.594 5.459 7.594 3 P 0
L 4.801 7.601 5.445 7.601 3 P 0
L 4.801 7.608 5.445 7.608 3 P 0
L 4.801 7.615 5.445 7.615 3 P 0
L 4.815 7.622 5.438 7.622 3 P 0
L 4.815 7.629 5.438 7.629 3 P 0
L 4.815 7.636 5.438 7.636 3 P 0
L 4.822 7.643 5.424 7.643 3 P 0
L 4.822 7.65 5.424 7.65 3 P 0
L 4.829 7.657 5.424 7.657 3 P 0
L 4.836 4.129 4.843 4.129 3 P 0
L 4.836 7.664 5.417 7.664 3 P 0
L 4.836 7.671 5.417 7.671 3 P 0
L 4.843 7.678 5.41 7.678 3 P 0
L 4.843 7.685 5.41 7.685 3 P 0
L 4.843 7.692 5.41 7.692 3 P 0
L 4.85 7.699 5.396 7.699 3 P 0
L 4.85 7.706 5.396 7.706 3 P 0
L 4.85 7.713 5.396 7.713 3 P 0
L 4.864 7.72 5.389 7.72 3 P 0
L 4.864 7.727 5.389 7.727 3 P 0
L 4.864 7.734 5.389 7.734 3 P 0
L 4.871 7.741 5.375 7.741 3 P 0
L 4.871 7.748 5.375 7.748 3 P 0
L 4.871 7.755 5.375 7.755 3 P 0
L 4.885 7.762 5.368 7.762 3 P 0
L 4.885 7.769 5.368 7.769 3 P 0
L 4.892 7.776 5.354 7.776 3 P 0
L 4.892 7.783 5.354 7.783 3 P 0
L 4.892 7.79 5.354 7.79 3 P 0
L 4.899 7.797 5.347 7.797 3 P 0
L 4.899 7.804 5.347 7.804 3 P 0
L 4.899 7.811 5.347 7.811 3 P 0
L 4.913 7.818 5.34 7.818 3 P 0
L 4.913 7.825 5.34 7.825 3 P 0
L 4.913 7.832 5.34 7.832 3 P 0
L 4.92 7.839 5.326 7.839 3 P 0
L 4.92 7.846 5.326 7.846 3 P 0
L 4.92 7.853 5.326 7.853 3 P 0
L 4.934 7.86 5.319 7.86 3 P 0
L 4.934 7.867 5.319 7.867 3 P 0
L 4.934 7.874 5.312 7.874 3 P 0
L 4.941 7.881 5.305 7.881 3 P 0
L 4.941 7.888 5.305 7.888 3 P 0
L 4.955 7.895 5.298 7.895 3 P 0
L 4.955 7.902 5.298 7.902 3 P 0
L 4.955 7.909 5.298 7.909 3 P 0
L 4.962 7.916 5.291 7.916 3 P 0
L 4.962 7.923 5.291 7.923 3 P 0
L 4.962 7.93 5.284 7.93 3 P 0
L 4.969 7.937 5.277 7.937 3 P 0
L 4.969 7.944 5.277 7.944 3 P 0
L 4.976 7.951 5.277 7.951 3 P 0
L 4.983 7.958 5.27 7.958 3 P 0
L 4.983 7.965 5.27 7.965 3 P 0
L 4.99 4.129 5.256 4.129 3 P 0
L 4.99 4.136 5.256 4.136 3 P 0
L 4.99 7.972 5.263 7.972 3 P 0
L 4.99 7.979 5.256 7.979 3 P 0
L 4.997 7.986 5.256 7.986 3 P 0
L 4.997 7.993 5.256 7.993 3 P 0
L 5.004 2.827 5.249 2.827 3 P 0
L 5.004 2.834 5.249 2.834 3 P 0
L 5.004 2.841 5.249 2.841 3 P 0
L 5.004 2.848 5.249 2.848 3 P 0
L 5.004 2.855 5.249 2.855 3 P 0
L 5.004 2.862 5.249 2.862 3 P 0
L 5.004 2.869 5.242 2.869 3 P 0
L 5.004 2.876 5.242 2.876 3 P 0
L 5.004 2.883 5.242 2.883 3 P 0
L 5.004 2.89 5.242 2.89 3 P 0
L 5.004 2.897 5.242 2.897 3 P 0
L 5.004 2.904 5.242 2.904 3 P 0
L 5.004 2.911 5.242 2.911 3 P 0
L 5.004 8 5.249 8 3 P 0
L 5.004 8.007 5.242 8.007 3 P 0
L 5.011 2.918 5.242 2.918 3 P 0
L 5.011 2.925 5.242 2.925 3 P 0
L 5.011 2.932 5.242 2.932 3 P 0
L 5.011 2.939 5.242 2.939 3 P 0
L 5.011 2.946 5.242 2.946 3 P 0
L 5.011 2.953 5.242 2.953 3 P 0
L 5.011 2.96 5.242 2.96 3 P 0
L 5.011 2.967 5.242 2.967 3 P 0
L 5.011 2.974 5.242 2.974 3 P 0
L 5.011 2.981 5.242 2.981 3 P 0
L 5.011 2.988 5.242 2.988 3 P 0
L 5.011 2.995 5.242 2.995 3 P 0
L 5.011 3.002 5.242 3.002 3 P 0
L 5.011 3.009 5.242 3.009 3 P 0
L 5.011 3.016 5.242 3.016 3 P 0
L 5.011 3.023 5.242 3.023 3 P 0
L 5.011 3.03 5.242 3.03 3 P 0
L 5.011 3.037 5.242 3.037 3 P 0
L 5.011 3.044 5.242 3.044 3 P 0
L 5.011 3.051 5.242 3.051 3 P 0
L 5.011 3.058 5.242 3.058 3 P 0
L 5.011 3.065 5.242 3.065 3 P 0
L 5.011 3.072 5.242 3.072 3 P 0
L 5.011 3.079 5.242 3.079 3 P 0
L 5.011 3.086 5.242 3.086 3 P 0
L 5.011 8.014 5.242 8.014 3 P 0
L 5.011 8.021 5.242 8.021 3 P 0
L 5.018 3.093 5.235 3.093 3 P 0
L 5.018 3.1 5.228 3.1 3 P 0
L 5.018 3.107 5.228 3.107 3 P 0
L 5.018 3.114 5.228 3.114 3 P 0
L 5.018 3.121 5.228 3.121 3 P 0
L 5.018 3.128 5.228 3.128 3 P 0
L 5.018 3.135 5.228 3.135 3 P 0
L 5.018 3.142 5.228 3.142 3 P 0
L 5.018 3.149 5.228 3.149 3 P 0
L 5.018 3.156 5.228 3.156 3 P 0
L 5.018 3.163 5.228 3.163 3 P 0
L 5.018 3.17 5.228 3.17 3 P 0
L 5.018 3.184 5.228 3.184 3 P 0
L 5.018 3.191 5.228 3.191 3 P 0
L 5.018 3.198 5.228 3.198 3 P 0
L 5.018 3.205 5.228 3.205 3 P 0
L 5.018 4.122 5.228 4.122 3 P 0
L 5.018 8.028 5.235 8.028 3 P 0
L 5.018 8.035 5.228 8.035 3 P 0
L 5.025 3.177 5.228 3.177 3 P 0
L 5.025 3.212 5.228 3.212 3 P 0
L 5.025 3.219 5.228 3.219 3 P 0
L 5.025 3.226 5.228 3.226 3 P 0
L 5.025 3.233 5.228 3.233 3 P 0
L 5.025 3.24 5.228 3.24 3 P 0
L 5.025 3.247 5.228 3.247 3 P 0
L 5.025 3.254 5.228 3.254 3 P 0
L 5.025 8.042 5.228 8.042 3 P 0
L 5.025 8.049 5.221 8.049 3 P 0
L 5.032 3.261 5.221 3.261 3 P 0
L 5.032 3.268 5.221 3.268 3 P 0
L 5.032 3.275 5.221 3.275 3 P 0
L 5.032 3.282 5.221 3.282 3 P 0
L 5.032 3.289 5.221 3.289 3 P 0
L 5.032 3.296 5.221 3.296 3 P 0
L 5.032 3.303 5.221 3.303 3 P 0
L 5.032 3.31 5.221 3.31 3 P 0
L 5.032 3.317 5.221 3.317 3 P 0
L 5.032 3.324 5.214 3.324 3 P 0
L 5.032 3.331 5.214 3.331 3 P 0
L 5.032 3.338 5.214 3.338 3 P 0
L 5.032 4.108 5.214 4.108 3 P 0
L 5.032 4.115 5.221 4.115 3 P 0
L 5.032 8.056 5.221 8.056 3 P 0
L 5.032 8.063 5.214 8.063 3 P 0
L 5.039 3.345 5.214 3.345 3 P 0
L 5.039 3.352 5.214 3.352 3 P 0
L 5.039 3.359 5.214 3.359 3 P 0
L 5.039 3.366 5.214 3.366 3 P 0
L 5.039 3.373 5.214 3.373 3 P 0
L 5.039 3.38 5.214 3.38 3 P 0
L 5.039 3.387 5.214 3.387 3 P 0
L 5.039 3.394 5.214 3.394 3 P 0
L 5.039 3.401 5.214 3.401 3 P 0
L 5.039 3.408 5.214 3.408 3 P 0
L 5.039 3.415 5.214 3.415 3 P 0
L 5.039 3.422 5.214 3.422 3 P 0
L 5.039 3.429 5.214 3.429 3 P 0
L 5.039 3.436 5.214 3.436 3 P 0
L 5.039 3.443 5.214 3.443 3 P 0
L 5.039 3.45 5.214 3.45 3 P 0
L 5.039 3.457 5.214 3.457 3 P 0
L 5.039 3.464 5.214 3.464 3 P 0
L 5.039 3.471 5.214 3.471 3 P 0
L 5.039 3.478 5.207 3.478 3 P 0
L 5.039 3.485 5.207 3.485 3 P 0
L 5.039 3.492 5.207 3.492 3 P 0
L 5.039 3.499 5.207 3.499 3 P 0
L 5.039 3.506 5.207 3.506 3 P 0
L 5.039 3.513 5.207 3.513 3 P 0
L 5.039 3.52 5.207 3.52 3 P 0
L 5.039 3.527 5.207 3.527 3 P 0
L 5.039 3.534 5.207 3.534 3 P 0
L 5.039 3.541 5.207 3.541 3 P 0
L 5.039 3.555 5.207 3.555 3 P 0
L 5.039 3.562 5.207 3.562 3 P 0
L 5.039 3.569 5.207 3.569 3 P 0
L 5.039 3.576 5.207 3.576 3 P 0
L 5.039 3.583 5.207 3.583 3 P 0
L 5.039 3.59 5.207 3.59 3 P 0
L 5.039 3.597 5.207 3.597 3 P 0
L 5.039 3.604 5.207 3.604 3 P 0
L 5.039 3.611 5.207 3.611 3 P 0
L 5.039 3.618 5.207 3.618 3 P 0
L 5.039 3.625 5.207 3.625 3 P 0
L 5.039 3.632 5.207 3.632 3 P 0
L 5.039 4.101 5.207 4.101 3 P 0
L 5.039 8.07 5.214 8.07 3 P 0
L 5.039 8.077 5.207 8.077 3 P 0
L 5.046 3.548 5.207 3.548 3 P 0
L 5.046 3.639 5.207 3.639 3 P 0
L 5.046 3.646 5.207 3.646 3 P 0
L 5.046 3.653 5.207 3.653 3 P 0
L 5.046 3.66 5.207 3.66 3 P 0
L 5.046 3.667 5.207 3.667 3 P 0
L 5.046 3.674 5.207 3.674 3 P 0
L 5.046 3.681 5.207 3.681 3 P 0
L 5.046 3.688 5.207 3.688 3 P 0
L 5.046 3.695 5.207 3.695 3 P 0
L 5.046 4.094 5.2 4.094 3 P 0
L 5.046 8.084 5.207 8.084 3 P 0
L 5.046 8.091 5.2 8.091 3 P 0
L 5.053 3.702 5.207 3.702 3 P 0
L 5.053 3.709 5.2 3.709 3 P 0
L 5.053 3.716 5.2 3.716 3 P 0
L 5.053 3.723 5.2 3.723 3 P 0
L 5.053 3.73 5.2 3.73 3 P 0
L 5.053 3.737 5.2 3.737 3 P 0
L 5.053 3.744 5.2 3.744 3 P 0
L 5.053 3.751 5.2 3.751 3 P 0
L 5.053 3.758 5.2 3.758 3 P 0
L 5.053 3.765 5.2 3.765 3 P 0
L 5.053 3.772 5.2 3.772 3 P 0
L 5.053 3.779 5.2 3.779 3 P 0
L 5.053 3.786 5.2 3.786 3 P 0
L 5.053 3.793 5.2 3.793 3 P 0
L 5.053 3.8 5.2 3.8 3 P 0
L 5.053 3.807 5.2 3.807 3 P 0
L 5.053 3.814 5.2 3.814 3 P 0
L 5.053 3.821 5.2 3.821 3 P 0
L 5.053 3.828 5.2 3.828 3 P 0
L 5.053 3.835 5.2 3.835 3 P 0
L 5.053 3.842 5.2 3.842 3 P 0
L 5.053 3.849 5.2 3.849 3 P 0
L 5.053 3.856 5.2 3.856 3 P 0
L 5.053 3.863 5.2 3.863 3 P 0
L 5.053 3.87 5.2 3.87 3 P 0
L 5.053 3.877 5.2 3.877 3 P 0
L 5.053 3.884 5.2 3.884 3 P 0
L 5.053 3.891 5.2 3.891 3 P 0
L 5.053 3.898 5.2 3.898 3 P 0
L 5.053 3.905 5.2 3.905 3 P 0
L 5.053 3.912 5.2 3.912 3 P 0
L 5.053 3.919 5.2 3.919 3 P 0
L 5.053 4.073 5.2 4.073 3 P 0
L 5.053 4.08 5.2 4.08 3 P 0
L 5.053 4.087 5.2 4.087 3 P 0
L 5.053 8.098 5.2 8.098 3 P 0
L 5.06 3.926 5.2 3.926 3 P 0
L 5.06 3.933 5.186 3.933 3 P 0
L 5.06 3.94 5.186 3.94 3 P 0
L 5.06 3.947 5.186 3.947 3 P 0
L 5.06 3.954 5.186 3.954 3 P 0
L 5.06 3.961 5.186 3.961 3 P 0
L 5.06 3.968 5.186 3.968 3 P 0
L 5.06 3.975 5.186 3.975 3 P 0
L 5.06 3.982 5.186 3.982 3 P 0
L 5.06 3.989 5.186 3.989 3 P 0
L 5.06 3.996 5.186 3.996 3 P 0
L 5.06 4.003 5.186 4.003 3 P 0
L 5.06 4.01 5.186 4.01 3 P 0
L 5.06 4.017 5.186 4.017 3 P 0
L 5.06 4.024 5.186 4.024 3 P 0
L 5.06 4.031 5.186 4.031 3 P 0
L 5.06 4.038 5.186 4.038 3 P 0
L 5.06 4.045 5.186 4.045 3 P 0
L 5.06 4.052 5.186 4.052 3 P 0
L 5.06 4.059 5.186 4.059 3 P 0
L 5.06 4.066 5.186 4.066 3 P 0
L 5.06 8.105 5.193 8.105 3 P 0
L 5.06 8.112 5.186 8.112 3 P 0
L 5.06 8.119 5.186 8.119 3 P 0
L 5.067 8.126 5.186 8.126 3 P 0
L 5.074 8.133 5.179 8.133 3 P 0
L 5.074 8.14 5.179 8.14 3 P 0
L 5.081 8.147 5.172 8.147 3 P 0
L 5.081 8.154 5.172 8.154 3 P 0
L 5.081 8.161 5.165 8.161 3 P 0
L 5.088 8.168 5.158 8.168 3 P 0
L 5.088 8.175 5.158 8.175 3 P 0
L 5.095 8.189 5.151 8.189 3 P 0
L 5.102 8.182 5.151 8.182 3 P 0
L 5.102 8.196 5.144 8.196 3 P 0
L 5.102 8.203 5.144 8.203 3 P 0
L 5.109 8.21 5.137 8.21 3 P 0
L 5.109 8.217 5.137 8.217 3 P 0
L 5.116 8.224 5.13 8.224 3 P 0
L 5.123 8.231 5.13 8.231 3 P 0
L 5.342795 4.836 6.714795 4.836 3 P 0
L 5.389 4.136 6.432 4.136 3 P 0
L 5.41 4.129 5.424 4.129 3 P 0
L 5.431 4.129 6.432 4.129 3 P 0
L 5.459 4.549 6.474 4.549 3 P 0
L 5.459 4.556 6.488 4.556 3 P 0
L 5.459 4.563 6.502 4.563 3 P 0
L 5.459 4.57 6.502 4.57 3 P 0
L 5.459 4.577 6.516 4.577 3 P 0
L 5.459 4.584 6.53 4.584 3 P 0
L 5.459 4.591 6.53 4.591 3 P 0
L 5.459 4.598 6.544 4.598 3 P 0
L 5.459 4.605 6.558 4.605 3 P 0
L 5.459 4.612 6.565 4.612 3 P 0
L 5.459 4.619 6.572 4.619 3 P 0
L 5.459 4.626 6.586 4.626 3 P 0
L 5.459 4.633 6.593 4.633 3 P 0
L 5.459 4.64 6.593 4.64 3 P 0
L 5.459 4.647 6.607 4.647 3 P 0
L 5.459 4.654 6.621 4.654 3 P 0
L 5.459 4.661 6.621 4.661 3 P 0
L 5.459 4.668 6.635 4.668 3 P 0
L 5.459 4.675 6.642 4.675 3 P 0
L 5.459 4.682 6.649 4.682 3 P 0
L 5.459 4.689 6.649 4.689 3 P 0
L 5.459 4.696 6.67 4.696 3 P 0
L 5.459 4.703 6.677 4.703 3 P 0
L 5.459 4.71 6.684 4.71 3 P 0
L 5.459 4.717 6.691 4.717 3 P 0
L 5.459 4.724 6.705 4.724 3 P 0
L 5.459 4.731 6.712 4.731 3 P 0
L 5.459 4.738 6.712 4.738 3 P 0
L 5.459 4.745 6.726 4.745 3 P 0
L 5.459 4.752 6.733 4.752 3 P 0
L 5.459 4.759 6.74 4.759 3 P 0
L 5.459 4.766 6.747 4.766 3 P 0
L 5.459 4.773 6.761 4.773 3 P 0
L 5.459 4.78 6.761 4.78 3 P 0
L 5.459 4.787 6.768 4.787 3 P 0
L 5.459 4.794 6.782 4.794 3 P 0
L 5.459 4.801 6.803 4.801 3 P 0
L 5.459 4.808 6.803 4.808 3 P 0
L 5.459 4.815 6.81 4.815 3 P 0
L 5.459 4.822 6.817 4.822 3 P 0
L 5.459 4.829 6.817 4.829 3 P 0
L 5.459 4.843 6.838 4.843 3 P 0
L 5.459 4.85 6.852 4.85 3 P 0
L 5.459 4.857 6.859 4.857 3 P 0
L 5.459 4.864 6.866 4.864 3 P 0
L 5.459 4.871 6.88 4.871 3 P 0
L 5.459 4.878 6.88 4.878 3 P 0
L 5.459 4.885 6.887 4.885 3 P 0
L 5.459 4.892 6.901 4.892 3 P 0
L 5.459 4.899 6.915 4.899 3 P 0
L 5.459 4.906 6.922 4.906 3 P 0
L 5.459 4.913 6.929 4.913 3 P 0
L 5.459 4.92 6.929 4.92 3 P 0
L 5.459 4.927 6.936 4.927 3 P 0
L 5.459 4.934 6.95 4.934 3 P 0
L 5.459 4.941 6.964 4.941 3 P 0
L 5.459 4.948 6.957 4.948 3 P 0
L 5.459 4.955 6.978 4.955 3 P 0
L 5.459 4.962 6.985 4.962 3 P 0
L 5.459 4.969 6.992 4.969 3 P 0
L 5.459 4.976 6.999 4.976 3 P 0
L 5.459 4.983 7.006 4.983 3 P 0
L 5.459 4.99 7.02 4.99 3 P 0
L 5.459 4.997 7.02 4.997 3 P 0
L 5.459 5.004 7.034 5.004 3 P 0
L 5.459 5.011 7.041 5.011 3 P 0
L 5.459 5.018 7.048 5.018 3 P 0
L 5.459 5.025 7.055 5.025 3 P 0
L 5.459 5.032 7.069 5.032 3 P 0
L 5.459 5.039 7.076 5.039 3 P 0
L 5.459 5.046 7.076 5.046 3 P 0
L 5.459 5.053 7.097 5.053 3 P 0
L 5.459 5.06 7.104 5.06 3 P 0
L 5.459 5.067 7.111 5.067 3 P 0
L 5.459 5.074 7.118 5.074 3 P 0
L 5.459 5.081 7.125 5.081 3 P 0
L 5.459 5.088 7.139 5.088 3 P 0
L 5.459 5.095 7.139 5.095 3 P 0
L 5.459 5.102 7.153 5.102 3 P 0
L 5.459 5.109 7.16 5.109 3 P 0
L 5.459 5.116 7.167 5.116 3 P 0
L 5.459 5.123 7.174 5.123 3 P 0
L 5.459 5.13 7.188 5.13 3 P 0
L 5.459 5.137 7.195 5.137 3 P 0
L 5.459 5.144 7.195 5.144 3 P 0
L 5.459 5.151 7.216 5.151 3 P 0
L 5.459 5.158 7.223 5.158 3 P 0
L 5.459 5.165 7.223 5.165 3 P 0
L 5.459 5.172 7.23 5.172 3 P 0
L 5.459 5.179 7.244 5.179 3 P 0
L 5.459 5.186 7.258 5.186 3 P 0
L 5.459 5.193 7.258 5.193 3 P 0
L 5.459 5.872 7.356 5.872 3 P 0
L 5.459 5.879 7.363 5.879 3 P 0
L 5.459 5.886 7.363 5.886 3 P 0
L 5.459 5.893 7.363 5.893 3 P 0
L 5.459 5.9 7.363 5.9 3 P 0
L 5.459 5.907 7.363 5.907 3 P 0
L 5.459 5.914 7.363 5.914 3 P 0
L 5.459 5.921 7.37 5.921 3 P 0
L 5.459 5.928 7.377 5.928 3 P 0
L 5.459 5.935 7.377 5.935 3 P 0
L 5.459 5.942 7.377 5.942 3 P 0
L 5.459 5.949 7.377 5.949 3 P 0
L 5.459 5.956 7.377 5.956 3 P 0
L 5.459 5.963 7.377 5.963 3 P 0
L 5.459 5.97 7.384 5.97 3 P 0
L 5.459 5.977 7.384 5.977 3 P 0
L 5.459 5.984 7.384 5.984 3 P 0
L 5.459 5.991 7.384 5.991 3 P 0
L 5.459 5.998 7.391 5.998 3 P 0
L 5.459 6.005 7.391 6.005 3 P 0
L 5.459 6.012 7.391 6.012 3 P 0
L 5.459 6.019 7.391 6.019 3 P 0
L 5.459 6.026 7.398 6.026 3 P 0
L 5.459 6.033 7.398 6.033 3 P 0
L 5.459 6.04 7.398 6.04 3 P 0
L 5.459 6.047 7.405 6.047 3 P 0
L 5.459 6.054 7.405 6.054 3 P 0
L 5.459 6.061 5.928 6.061 3 P 0
L 5.459 6.068 5.9 6.068 3 P 0
L 5.459 6.075 5.9 6.075 3 P 0
L 5.459 6.082 5.886 6.082 3 P 0
L 5.459 6.089 5.872 6.089 3 P 0
L 5.459 6.096 5.872 6.096 3 P 0
L 5.459 6.103 5.865 6.103 3 P 0
L 5.459 6.11 5.858 6.11 3 P 0
L 5.459 6.117 5.858 6.117 3 P 0
L 5.459 6.124 5.858 6.124 3 P 0
L 5.459 6.131 5.851 6.131 3 P 0
L 5.459 6.138 5.851 6.138 3 P 0
L 5.459 6.145 5.851 6.145 3 P 0
L 5.459 6.152 5.844 6.152 3 P 0
L 5.459 6.159 5.851 6.159 3 P 0
L 5.459 6.166 5.851 6.166 3 P 0
L 5.459 6.173 5.851 6.173 3 P 0
L 5.459 6.18 5.851 6.18 3 P 0
L 5.459 6.187 5.851 6.187 3 P 0
L 5.459 6.194 5.851 6.194 3 P 0
L 5.459 6.201 5.851 6.201 3 P 0
L 5.459 6.208 5.858 6.208 3 P 0
L 5.459 6.215 5.858 6.215 3 P 0
L 5.459 6.222 5.858 6.222 3 P 0
L 5.459 6.229 5.858 6.229 3 P 0
L 5.459 6.236 5.858 6.236 3 P 0
L 5.459 6.243 5.858 6.243 3 P 0
L 5.459 6.25 5.858 6.25 3 P 0
L 5.459 6.257 5.858 6.257 3 P 0
L 5.459 6.264 5.872 6.264 3 P 0
L 5.459 6.271 5.872 6.271 3 P 0
L 5.459 6.278 5.872 6.278 3 P 0
L 5.459 6.285 5.872 6.285 3 P 0
L 5.459 6.292 5.872 6.292 3 P 0
L 5.459 6.299 5.872 6.299 3 P 0
L 5.459 6.306 5.872 6.306 3 P 0
L 5.459 6.313 5.879 6.313 3 P 0
L 5.459 6.32 5.879 6.32 3 P 0
L 5.459 6.327 5.879 6.327 3 P 0
L 5.459 6.334 5.879 6.334 3 P 0
L 5.459 6.341 5.879 6.341 3 P 0
L 5.459 6.348 5.879 6.348 3 P 0
L 5.459 6.355 5.879 6.355 3 P 0
L 5.459 6.362 5.886 6.362 3 P 0
L 5.459 6.369 5.893 6.369 3 P 0
L 5.459 6.376 5.893 6.376 3 P 0
L 5.459 6.383 5.893 6.383 3 P 0
L 5.459 6.39 5.893 6.39 3 P 0
L 5.459 6.397 5.893 6.397 3 P 0
L 5.459 6.404 5.9 6.404 3 P 0
L 5.459 6.411 5.9 6.411 3 P 0
L 5.459 6.418 5.9 6.418 3 P 0
L 5.459 6.425 5.9 6.425 3 P 0
L 5.459 6.432 5.9 6.432 3 P 0
L 5.459 6.439 5.9 6.439 3 P 0
L 5.459 6.446 5.9 6.446 3 P 0
L 5.459 6.453 5.907 6.453 3 P 0
L 5.459 6.46 5.907 6.46 3 P 0
L 5.459 6.467 5.914 6.467 3 P 0
L 5.459 6.474 5.914 6.474 3 P 0
L 5.459 6.481 5.914 6.481 3 P 0
L 5.459 6.488 5.914 6.488 3 P 0
L 5.466 4.122 6.446 4.122 3 P 0
L 5.466 5.2 7.272 5.2 3 P 0
L 5.515 4.115 6.446 4.115 3 P 0
L 5.536 4.108 6.446 4.108 3 P 0
L 5.585 4.101 6.446 4.101 3 P 0
L 5.599 7.321 5.606 7.321 3 P 0
L 5.641 4.094 6.453 4.094 3 P 0
L 5.676 7.314 6.082 7.314 3 P 0
L 5.704 7.321 6.082 7.321 3 P 0
L 5.704 7.328 6.082 7.328 3 P 0
L 5.711 4.087 6.453 4.087 3 P 0
L 5.725 7.335 6.089 7.335 3 P 0
L 5.732 4.08 6.453 4.08 3 P 0
L 5.746 7.342 6.089 7.342 3 P 0
L 5.746 7.349 6.089 7.349 3 P 0
L 5.76 7.356 6.089 7.356 3 P 0
L 5.774 4.073 6.46 4.073 3 P 0
L 5.781 7.363 6.089 7.363 3 P 0
L 5.781 7.37 6.089 7.37 3 P 0
L 5.795 7.377 6.089 7.377 3 P 0
L 5.816 7.384 6.096 7.384 3 P 0
L 5.83 7.391 6.096 7.391 3 P 0
L 5.83 7.398 6.096 7.398 3 P 0
L 5.844 4.059 6.467 4.059 3 P 0
L 5.844 4.066 6.46 4.066 3 P 0
L 5.851 7.405 6.096 7.405 3 P 0
L 5.858 7.412 6.096 7.412 3 P 0
L 5.865 7.419 6.096 7.419 3 P 0
L 5.879 7.426 6.11 7.426 3 P 0
L 5.893 7.433 6.11 7.433 3 P 0
L 5.9 4.052 6.474 4.052 3 P 0
L 5.914 7.44 6.11 7.44 3 P 0
L 5.914 7.447 6.11 7.447 3 P 0
L 5.928 7.454 6.11 7.454 3 P 0
L 5.942 7.461 6.11 7.461 3 P 0
L 5.949 6.061 7.405 6.061 3 P 0
L 5.949 7.468 6.11 7.468 3 P 0
L 5.963 7.475 6.11 7.475 3 P 0
L 5.97 4.045 6.474 4.045 3 P 0
L 5.97 7.482 6.117 7.482 3 P 0
L 5.991 6.068 7.412 6.068 3 P 0
L 5.991 6.075 7.412 6.075 3 P 0
L 5.991 7.489 6.117 7.489 3 P 0
L 5.991 7.496 6.117 7.496 3 P 0
L 5.998 6.082 7.412 6.082 3 P 0
L 6.012 7.503 6.117 7.503 3 P 0
L 6.019 6.089 7.412 6.089 3 P 0
L 6.019 6.096 7.412 6.096 3 P 0
L 6.019 7.51 6.117 7.51 3 P 0
L 6.026 4.038 6.474 4.038 3 P 0
L 6.026 6.103 7.412 6.103 3 P 0
L 6.033 6.11 7.419 6.11 3 P 0
L 6.033 7.517 6.117 7.517 3 P 0
L 6.04 4.031 6.481 4.031 3 P 0
L 6.04 6.117 7.426 6.117 3 P 0
L 6.04 7.524 6.124 7.524 3 P 0
L 6.047 6.124 7.426 6.124 3 P 0
L 6.054 6.131 7.426 6.131 3 P 0
L 6.061 6.138 7.426 6.138 3 P 0
L 6.061 7.531 6.131 7.531 3 P 0
L 6.061 7.538 6.131 7.538 3 P 0
L 6.068 6.145 7.426 6.145 3 P 0
L 6.068 7.545 6.131 7.545 3 P 0
L 6.075 6.152 7.433 6.152 3 P 0
L 6.082 6.159 7.433 6.159 3 P 0
L 6.089 4.024 6.481 4.024 3 P 0
L 6.089 6.166 7.433 6.166 3 P 0
L 6.089 6.173 7.433 6.173 3 P 0
L 6.089 7.552 6.131 7.552 3 P 0
L 6.096 6.18 7.44 6.18 3 P 0
L 6.103 6.187 7.44 6.187 3 P 0
L 6.11 5.858 7.356 5.858 3 P 0
L 6.11 5.865 7.356 5.865 3 P 0
L 6.11 6.194 7.44 6.194 3 P 0
L 6.11 6.201 7.44 6.201 3 P 0
L 6.11 7.559 6.131 7.559 3 P 0
L 6.11 7.566 6.131 7.566 3 P 0
L 6.117 5.207 7.286 5.207 3 P 0
L 6.117 5.214 7.286 5.214 3 P 0
L 6.117 5.221 7.293 5.221 3 P 0
L 6.117 5.228 7.307 5.228 3 P 0
L 6.117 5.235 7.314 5.235 3 P 0
L 6.117 5.242 7.314 5.242 3 P 0
L 6.117 5.249 7.328 5.249 3 P 0
L 6.117 5.256 7.342 5.256 3 P 0
L 6.117 5.263 7.342 5.263 3 P 0
L 6.117 5.27 7.349 5.27 3 P 0
L 6.117 5.277 7.363 5.277 3 P 0
L 6.117 5.284 7.363 5.284 3 P 0
L 6.117 5.291 7.377 5.291 3 P 0
L 6.117 5.298 7.384 5.298 3 P 0
L 6.117 5.305 7.398 5.305 3 P 0
L 6.117 5.312 7.405 5.312 3 P 0
L 6.117 5.319 7.412 5.319 3 P 0
L 6.117 5.326 7.419 5.326 3 P 0
L 6.117 5.333 7.426 5.333 3 P 0
L 6.117 5.34 7.433 5.34 3 P 0
L 6.117 5.347 7.44 5.347 3 P 0
L 6.117 5.354 7.454 5.354 3 P 0
L 6.117 5.361 7.461 5.361 3 P 0
L 6.117 5.368 7.468 5.368 3 P 0
L 6.117 5.375 7.475 5.375 3 P 0
L 6.117 5.382 7.482 5.382 3 P 0
L 6.117 5.389 7.496 5.389 3 P 0
L 6.117 5.396 7.503 5.396 3 P 0
L 6.117 5.403 7.503 5.403 3 P 0
L 6.117 5.41 7.524 5.41 3 P 0
L 6.117 5.417 7.531 5.417 3 P 0
L 6.117 5.424 7.538 5.424 3 P 0
L 6.117 5.431 7.538 5.431 3 P 0
L 6.117 5.438 7.552 5.438 3 P 0
L 6.117 5.445 7.559 5.445 3 P 0
L 6.117 5.452 7.559 5.452 3 P 0
L 6.117 5.459 7.58 5.459 3 P 0
L 6.117 5.466 7.587 5.466 3 P 0
L 6.117 5.473 7.594 5.473 3 P 0
L 6.117 5.48 7.601 5.48 3 P 0
L 6.117 5.487 7.608 5.487 3 P 0
L 6.117 5.494 7.622 5.494 3 P 0
L 6.117 5.501 7.608 5.501 3 P 0
L 6.117 5.508 7.587 5.508 3 P 0
L 6.117 5.515 7.573 5.515 3 P 0
L 6.117 5.522 7.538 5.522 3 P 0
L 6.117 5.529 7.538 5.529 3 P 0
L 6.117 5.536 7.51 5.536 3 P 0
L 6.117 5.543 7.482 5.543 3 P 0
L 6.117 5.55 7.468 5.55 3 P 0
L 6.117 5.557 7.454 5.557 3 P 0
L 6.117 5.564 7.433 5.564 3 P 0
L 6.117 5.571 7.426 5.571 3 P 0
L 6.117 5.578 7.412 5.578 3 P 0
L 6.117 5.585 7.405 5.585 3 P 0
L 6.117 5.592 7.384 5.592 3 P 0
L 6.117 5.599 7.384 5.599 3 P 0
L 6.117 5.606 7.377 5.606 3 P 0
L 6.117 5.613 7.363 5.613 3 P 0
L 6.117 5.62 7.363 5.62 3 P 0
L 6.117 5.627 7.363 5.627 3 P 0
L 6.117 5.634 7.356 5.634 3 P 0
L 6.117 5.641 7.342 5.641 3 P 0
L 6.117 5.648 7.342 5.648 3 P 0
L 6.117 5.655 7.342 5.655 3 P 0
L 6.117 5.662 7.342 5.662 3 P 0
L 6.117 5.669 7.342 5.669 3 P 0
L 6.117 5.676 7.335 5.676 3 P 0
L 6.117 5.683 7.335 5.683 3 P 0
L 6.117 5.69 7.335 5.69 3 P 0
L 6.117 5.697 7.335 5.697 3 P 0
L 6.117 5.704 7.335 5.704 3 P 0
L 6.117 5.711 7.335 5.711 3 P 0
L 6.117 5.718 7.335 5.718 3 P 0
L 6.117 5.725 7.335 5.725 3 P 0
L 6.117 5.732 7.335 5.732 3 P 0
L 6.117 5.739 7.335 5.739 3 P 0
L 6.117 5.746 7.335 5.746 3 P 0
L 6.117 5.753 7.335 5.753 3 P 0
L 6.117 5.76 7.335 5.76 3 P 0
L 6.117 5.767 7.335 5.767 3 P 0
L 6.117 5.774 7.342 5.774 3 P 0
L 6.117 5.781 7.342 5.781 3 P 0
L 6.117 5.788 7.342 5.788 3 P 0
L 6.117 5.795 7.342 5.795 3 P 0
L 6.117 5.802 7.342 5.802 3 P 0
L 6.117 5.809 7.342 5.809 3 P 0
L 6.117 5.816 7.342 5.816 3 P 0
L 6.117 5.823 7.342 5.823 3 P 0
L 6.117 5.83 7.349 5.83 3 P 0
L 6.117 5.837 7.349 5.837 3 P 0
L 6.117 5.844 7.356 5.844 3 P 0
L 6.117 5.851 7.349 5.851 3 P 0
L 6.117 6.208 7.447 6.208 3 P 0
L 6.124 7.573 6.138 7.573 3 P 0
L 6.131 6.215 7.454 6.215 3 P 0
L 6.131 6.222 7.454 6.222 3 P 0
L 6.138 6.229 7.454 6.229 3 P 0
L 6.145 6.236 7.454 6.236 3 P 0
L 6.145 6.243 7.454 6.243 3 P 0
L 6.159 4.017 6.488 4.017 3 P 0
L 6.159 6.25 7.461 6.25 3 P 0
L 6.166 4.01 6.488 4.01 3 P 0
L 6.166 6.257 7.461 6.257 3 P 0
L 6.18 6.264 7.461 6.264 3 P 0
L 6.18 6.271 7.461 6.271 3 P 0
L 6.18 6.278 7.461 6.278 3 P 0
L 6.187 6.285 7.468 6.285 3 P 0
L 6.187 6.292 7.468 6.292 3 P 0
L 6.201 6.299 7.468 6.299 3 P 0
L 6.208 6.306 7.475 6.306 3 P 0
L 6.215 4.003 6.495 4.003 3 P 0
L 6.215 6.313 7.482 6.313 3 P 0
L 6.215 6.32 7.482 6.32 3 P 0
L 6.229 6.327 7.482 6.327 3 P 0
L 6.236 6.334 7.482 6.334 3 P 0
L 6.236 6.341 7.482 6.341 3 P 0
L 6.25 6.348 7.482 6.348 3 P 0
L 6.25 6.355 7.496 6.355 3 P 0
L 6.257 6.362 7.489 6.362 3 P 0
L 6.264 6.369 7.496 6.369 3 P 0
L 6.264 6.376 7.496 6.376 3 P 0
L 6.278 6.383 6.838 6.383 3 P 0
L 6.278 6.39 6.824 6.39 3 P 0
L 6.285 3.996 6.502 3.996 3 P 0
L 6.285 6.397 6.81 6.397 3 P 0
L 6.299 6.404 6.789 6.404 3 P 0
L 6.299 6.411 6.782 6.411 3 P 0
L 6.306 6.418 6.775 6.418 3 P 0
L 6.313 6.425 6.768 6.425 3 P 0
L 6.327 6.432 6.761 6.432 3 P 0
L 6.327 6.439 6.754 6.439 3 P 0
L 6.327 6.446 6.754 6.446 3 P 0
L 6.334 6.453 6.74 6.453 3 P 0
L 6.334 6.46 6.733 6.46 3 P 0
L 6.348 3.982 6.502 3.982 3 P 0
L 6.348 3.989 6.502 3.989 3 P 0
L 6.348 6.467 6.733 6.467 3 P 0
L 6.355 6.474 6.733 6.474 3 P 0
L 6.369 6.481 6.719 6.481 3 P 0
L 6.369 6.488 6.719 6.488 3 P 0
L 6.376 6.495 6.712 6.495 3 P 0
L 6.383 6.502 6.712 6.502 3 P 0
L 6.383 6.509 6.712 6.509 3 P 0
L 6.397 6.516 6.705 6.516 3 P 0
L 6.397 6.523 6.705 6.523 3 P 0
L 6.404 6.53 6.705 6.53 3 P 0
L 6.411 6.537 6.691 6.537 3 P 0
L 6.418 3.975 6.509 3.975 3 P 0
L 6.418 6.544 6.691 6.544 3 P 0
L 6.425 6.551 6.684 6.551 3 P 0
L 6.432 6.558 6.684 6.558 3 P 0
L 6.439 6.565 6.684 6.565 3 P 0
L 6.446 6.572 6.677 6.572 3 P 0
L 6.446 6.579 6.677 6.579 3 P 0
L 6.453 6.586 6.67 6.586 3 P 0
L 6.467 6.593 6.67 6.593 3 P 0
L 6.474 6.6 6.663 6.6 3 P 0
L 6.474 6.607 6.663 6.607 3 P 0
L 6.481 3.968 6.509 3.968 3 P 0
L 6.481 6.614 6.663 6.614 3 P 0
L 6.481 6.621 6.663 6.621 3 P 0
L 6.488 6.628 6.649 6.628 3 P 0
L 6.495 6.635 6.649 6.635 3 P 0
L 6.502 3.961 6.509 3.961 3 P 0
L 6.502 6.642 6.649 6.642 3 P 0
L 6.516 6.649 6.642 6.649 3 P 0
L 6.523 6.656 6.642 6.656 3 P 0
L 6.523 6.663 6.642 6.663 3 P 0
L 6.537 6.67 6.635 6.67 3 P 0
L 6.537 6.677 6.635 6.677 3 P 0
L 6.544 6.684 6.635 6.684 3 P 0
L 6.551 6.691 6.628 6.691 3 P 0
L 6.551 6.698 6.628 6.698 3 P 0
L 6.558 6.705 6.621 6.705 3 P 0
L 6.565 6.712 6.621 6.712 3 P 0
L 6.572 6.719 6.614 6.719 3 P 0
L 6.579 6.726 6.614 6.726 3 P 0
L 6.586 6.733 6.614 6.733 3 P 0
L 6.593 6.74 6.614 6.74 3 P 0
L 6.999 6.383 7.503 6.383 3 P 0
L 7.006 6.39 7.496 6.39 3 P 0
L 7.055 6.397 7.503 6.397 3 P 0
L 7.104 6.404 7.503 6.404 3 P 0
L 7.104 6.411 7.111 6.411 3 P 0
L 7.125 6.411 7.503 6.411 3 P 0
L 7.146 6.418 7.503 6.418 3 P 0
L 7.188 6.425 7.51 6.425 3 P 0
L 7.216 6.432 7.51 6.432 3 P 0
L 7.216 6.439 7.51 6.439 3 P 0
L 7.258 6.446 7.51 6.446 3 P 0
L 7.293 6.453 7.51 6.453 3 P 0
L 7.293 6.46 7.51 6.46 3 P 0
L 7.328 6.467 7.524 6.467 3 P 0
L 7.356 6.474 7.524 6.474 3 P 0
L 7.391 6.481 7.524 6.481 3 P 0
L 7.391 6.488 7.524 6.488 3 P 0
L 7.426 6.495 7.524 6.495 3 P 0
L 7.454 6.502 7.531 6.502 3 P 0
L 7.468 6.509 7.531 6.509 3 P 0
L 7.496 6.516 7.531 6.516 3 P 0
L 7.524 6.523 7.531 6.523 3 P 0
L 7.6260567 3.839 7.6260567 3.8889838 5 P 0 ;2,3=1,4=0.000000
L 7.6260567 3.8889838 7.6510486 3.8639919 5 P 0 ;2,3=1,4=0.000000
L 7.6510486 3.8639919 7.617726 3.8639919 5 P 0 ;2,3=1,4=0.000000
L 7.659882 3.618976 7.659882 3.741024 4 P 0
L 7.6677098 3.8473306 7.6677098 3.8806532 5 P 0 ;2,3=1,4=0.000000
L 7.6677098 3.8806532 7.6760405 3.8889838 5 P 0 ;2,3=1,4=0.000000
L 7.6760405 3.839 7.6677098 3.8473306 5 P 0 ;2,3=1,4=0.000000
L 7.6760405 3.8889838 7.7010324 3.8889838 5 P 0 ;2,3=1,4=0.000000
L 7.7010324 3.839 7.6760405 3.839 5 P 0 ;2,3=1,4=0.000000
L 7.7010324 3.8889838 7.7010324 3.839 5 P 0 ;2,3=1,4=0.000000
L 7.7176936 3.8889838 7.7510162 3.8889838 5 P 0 ;2,3=1,4=0.000000
L 7.7510162 3.839 7.7176936 3.839 5 P 0 ;2,3=1,4=0.000000
L 7.7510162 3.8639919 7.7343549 3.8639919 5 P 0 ;2,3=1,4=0.000000
L 7.7510162 3.8889838 7.7510162 3.839 5 P 0 ;2,3=1,4=0.000000
L 7.770118 3.618976 7.770118 3.741024 4 P 0
L 7.801 3.839 7.7676774 3.839 5 P 0 ;2,3=1,4=0.000000
L 7.801 3.8889838 7.801 3.839 5 P 0 ;2,3=1,4=0.000000
L 8.28193 2.966054 8.406536 2.966054 1 P 0
L 8.28193 2.966054 8.531142 2.966054 1 P 0
L 8.406536 2.966054 8.531142 2.966054 1 P 0
L 8.6833549 3.2910531 8.6916856 3.2910531 5 P 0 ;2,3=2,4=0.000000
L 8.6916856 3.2910531 8.6916856 3.3410369 5 P 0 ;2,3=2,4=0.000000
L 8.6916856 3.3410369 8.7000162 3.3327063 5 P 0 ;2,3=2,4=0.000000
L 8.7000162 3.2910531 8.6833549 3.2910531 5 P 0 ;2,3=2,4=0.000000
L 8.7166774 3.2993837 8.7166774 3.3077144 5 P 0 ;2,3=2,4=0.000000
L 8.7166774 3.3077144 8.7250081 3.316045 5 P 0 ;2,3=2,4=0.000000
L 8.7166774 3.3243757 8.7166774 3.3327063 5 P 0 ;2,3=2,4=0.000000
L 8.7166774 3.3327063 8.7250081 3.3410369 5 P 0 ;2,3=2,4=0.000000
L 8.7250081 3.2910531 8.7166774 3.2993837 5 P 0 ;2,3=2,4=0.000000
L 8.7250081 3.316045 8.7166774 3.3243757 5 P 0 ;2,3=2,4=0.000000
L 8.7250081 3.316045 8.75 3.316045 5 P 0 ;2,3=2,4=0.000000
L 8.7250081 3.3410369 8.75 3.3410369 5 P 0 ;2,3=2,4=0.000000
L 8.75 3.2910531 8.7250081 3.2910531 5 P 0 ;2,3=2,4=0.000000
L 8.75 3.316045 8.7250081 3.316045 5 P 0 ;2,3=2,4=0.000000
L 8.75 3.3410369 8.75 3.2910531 5 P 0 ;2,3=2,4=0.000000
P 8.38 6.215 2 P 0 0 ;0=0,1=0
S P 0
OB 3.0033254 2.9949997 I
OS 3.0033253 3.2976805
OS 3.0418165 3.2976805
OS 3.0418166 3.0597349
OS 3.2005927 3.2976805
OS 3.2417083 3.2976805
OS 3.2417084 2.9949997
OS 3.2032172 2.9949997
OS 3.2032172 3.2325079
OS 3.0448784 2.9949997
OS 3.0033254 2.9949997
OE
OB 3.3121298 2.9949998 I
OS 3.3121297 3.2976806
OS 3.3523705 3.2976806
OS 3.3523706 2.9949998
OS 3.3121298 2.9949998
OE
OB 2.2632446 2.9949996 I
OS 2.3870287 3.2976804
OS 2.4307687 3.2976804
OS 2.5462424 2.9949996
OS 2.5038146 2.9949996
OS 2.4710096 3.0868536
OS 2.3441636 3.0868536
OS 2.3087342 2.9949996
OS 2.2632446 2.9949996
OE
OB 2.6800867 3.3024918 I
OS 2.6831485 3.3029292
OS 2.6875225 3.3029292
OS 2.7019567 3.3020545
OS 2.7159535 3.2998675
OS 2.7282007 3.2972431
OS 2.7338869 3.2954935
OS 2.7391357 3.2937439
OS 2.7439471 3.2919943
OS 2.7483211 3.2902447
OS 2.7518203 3.2889325
OS 2.7553195 3.2876203
OS 2.7575065 3.2863081
OS 2.7592561 3.2854333
OS 2.7605683 3.2849959
OS 2.7610057 3.2845585
OS 2.7728156 3.2771227
OS 2.7828758 3.2683747
OS 2.7916238 3.2596267
OS 2.7990596 3.2508787
OS 2.8047458 3.2430055
OS 2.8069328 3.2395063
OS 2.8086824 3.2364445
OS 2.810432 3.2342575
OS 2.8113068 3.2325079
OS 2.8117442 3.2311957
OS 2.8121816 3.2307583
OS 2.8183052 3.2171989
OS 2.8226792 3.2032021
OS 2.825741 3.1892053
OS 2.827928 3.1765207
OS 2.8288028 3.1708345
OS 2.8292402 3.1651483
OS 2.8296776 3.1607743
OS 2.8296776 3.1564003
OS 2.830115 3.1533385
OS 2.830115 3.1507141
OS 2.830115 3.1489645
OS 2.830115 3.1485271
OS 2.8292402 3.1327807
OS 2.8274906 3.1174717
OS 2.8253036 3.1039123
OS 2.823554 3.0973513
OS 2.8222418 3.0916651
OS 2.8209296 3.0864163
OS 2.81918 3.0816049
OS 2.8178678 3.0772309
OS 2.816993 3.0737317
OS 2.8156808 3.0711073
OS 2.8152434 3.0689203
OS 2.8143686 3.0676081
OS 2.8143686 3.0671707
OS 2.8078076 3.0540487
OS 2.8003718 3.0422389
OS 2.7924986 3.0321787
OS 2.788562 3.0282421
OS 2.7850628 3.0243055
OS 2.7815636 3.0208063
OS 2.7780644 3.0177445
OS 2.7750026 3.0151201
OS 2.7723782 3.0133705
OS 2.7706286 3.0116209
OS 2.768879 3.0103087
OS 2.7680042 3.0098713
OS 2.7675668 3.0094339
OS 2.7614432 3.0059347
OS 2.7553196 3.0028729
OS 2.7421976 2.9980615
OS 2.7290756 2.9945623
OS 2.716391 2.9923753
OS 2.7102674 2.9915005
OS 2.7050186 2.9906257
OS 2.7002072 2.9901883
OS 2.6962706 2.9901882
OS 2.6927714 2.9897508
OS 2.68796 2.9897508
OS 2.679212 2.9901882
OS 2.6709014 2.991063
OS 2.6630282 2.9919378
OS 2.6555924 2.9936874
OS 2.648594 2.9958744
OS 2.642033 2.9980614
OS 2.6359094 3.0002484
OS 2.6302232 3.0028728
OS 2.6254118 3.0050598
OS 2.6206004 3.0072468
OS 2.6171012 3.0094338
OS 2.613602 3.0116208
OS 2.611415 3.0133704
OS 2.609228 3.0142452
OS 2.6083532 3.01512
OS 2.6079158 3.0155574
OS 2.6017922 3.0208062
OS 2.5965434 3.026055
OS 2.591732 3.0321786
OS 2.5869206 3.0383022
OS 2.5790474 3.0505494
OS 2.5729238 3.0627966
OS 2.5702994 3.0684828
OS 2.5681124 3.0737316
OS 2.5663628 3.078543
OS 2.5650506 3.0824796
OS 2.5637384 3.0859788
OS 2.5628636 3.0886032
OS 2.5624262 3.0903528
OS 2.5624262 3.0907902
OS 2.602667 3.1008504
OS 2.6044166 3.093852
OS 2.6066036 3.087291
OS 2.6087906 3.0811674
OS 2.6109776 3.0754812
OS 2.613602 3.0702324
OS 2.6162264 3.0658584
OS 2.6192882 3.0614844
OS 2.6219126 3.0575478
OS 2.6240996 3.0540486
OS 2.626724 3.0514242
OS 2.628911 3.0487998
OS 2.6306606 3.0466128
OS 2.6324102 3.0453006
OS 2.6337224 3.0439884
OS 2.6341598 3.043551
OS 2.6345972 3.0431136
OS 2.6389712 3.0396144
OS 2.6437826 3.03699
OS 2.6534054 3.0321786
OS 2.6625908 3.0286794
OS 2.6717762 3.0264924
OS 2.6796494 3.0247428
OS 2.6827112 3.0243054
OS 2.685773 3.0243054
OS 2.6883974 3.023868
OS 2.6914592 3.023868
OS 2.7015194 3.0243055
OS 2.7111422 3.0260551
OS 2.7198902 3.0282421
OS 2.7277634 3.0308665
OS 2.733887 3.0334909
OS 2.7365114 3.0348031
OS 2.7386984 3.0356779
OS 2.740448 3.0365527
OS 2.7417602 3.0374275
OS 2.742635 3.0378649
OS 2.7430724 3.0378649
OS 2.751383 3.0439885
OS 2.7583814 3.0505495
OS 2.764505 3.0579853
OS 2.7693164 3.0649837
OS 2.773253 3.0711073
OS 2.7758774 3.0763561
OS 2.7767522 3.0785431
OS 2.777627 3.0798553
OS 2.7780644 3.0807301
OS 2.7780644 3.0811675
OS 2.7815636 3.0925399
OS 2.784188 3.1039123
OS 2.786375 3.1152847
OS 2.7876872 3.1257823
OS 2.7881246 3.1305937
OS 2.788562 3.1349677
OS 2.788562 3.1389043
OS 2.7889994 3.1419661
OS 2.7889994 3.1445905
OS 2.7889994 3.1467775
OS 2.7889994 3.1480897
OS 2.7889994 3.1485271
OS 2.788562 3.1598995
OS 2.7876872 3.1703971
OS 2.7859376 3.1800199
OS 2.784188 3.1887679
OS 2.7828758 3.1962037
OS 2.782001 3.1992655
OS 2.7811262 3.2018899
OS 2.7806888 3.2040769
OS 2.7802514 3.2053891
OS 2.779814 3.2062639
OS 2.779814 3.2067013
OS 2.77544 3.2167615
OS 2.7706286 3.2259469
OS 2.7653798 3.2333827
OS 2.7596936 3.2399437
OS 2.7548822 3.2451925
OS 2.7509456 3.2486917
OS 2.7478838 3.2508787
OS 2.7474464 3.2517535
OS 2.747009 3.2517535
OS 2.7378236 3.2574397
OS 2.7277634 3.2618137
OS 2.7181406 3.2648755
OS 2.7089552 3.2666251
OS 2.7006446 3.2679373
OS 2.6971454 3.2683746
OS 2.6940836 3.2683746
OS 2.6918966 3.268812
OS 2.6883974 3.268812
OS 2.6774624 3.2683746
OS 2.6674022 3.266625
OS 2.6590916 3.2640006
OS 2.6516558 3.2613762
OS 2.6459696 3.2583144
OS 2.6415956 3.2561274
OS 2.6389712 3.2543778
OS 2.6380964 3.253503
OS 2.631098 3.246942
OS 2.624537 3.2395062
OS 2.6192882 3.231633
OS 2.6149142 3.2237598
OS 2.611415 3.2167614
OS 2.6101028 3.2132622
OS 2.609228 3.2106378
OS 2.6083532 3.2084508
OS 2.6074784 3.2067012
OS 2.607041 3.2058264
OS 2.607041 3.205389
OS 2.567675 3.2145744
OS 2.5702994 3.2224476
OS 2.5729238 3.229446
OS 2.576423 3.236007
OS 2.5794848 3.242568
OS 2.582984 3.2482542
OS 2.5869206 3.253503
OS 2.5904198 3.2587518
OS 2.593919 3.2631258
OS 2.5974182 3.266625
OS 2.60048 3.2701242
OS 2.6035418 3.273186
OS 2.6057288 3.275373
OS 2.6079158 3.27756
OS 2.6096654 3.2788722
OS 2.6105402 3.2793096
OS 2.6109776 3.279747
OS 2.6171011 3.2836836
OS 2.6232247 3.2876202
OS 2.6293483 3.290682
OS 2.6359093 3.2933064
OS 2.6490313 3.297243
OS 2.6608411 3.2998674
OS 2.6665273 3.3011796
OS 2.6713387 3.301617
OS 2.6761501 3.3020544
OS 2.6800867 3.3024918
OE
OB 4.096388 2.9949999 I
OS 4.2201721 3.2976807
OS 4.2639121 3.2976807
OS 4.3793858 2.9949999
OS 4.336958 2.9949999
OS 4.304153 3.0868539
OS 4.177307 3.0868539
OS 4.1418776 2.9949999
OS 4.096388 2.9949999
OE
OB 4.411316 2.9949999 I
OS 4.4113159 3.2976807
OS 4.4651161 3.2976808
OS 4.5377246 3.086854
OS 4.5416612 3.0754816
OS 4.544723 3.0658588
OS 4.5477848 3.0575482
OS 4.5499718 3.0505498
OS 4.5517214 3.045301
OS 4.5530336 3.0413644
OS 4.553471 3.0391774
OS 4.5539084 3.0383026
OS 4.555658 3.0444262
OS 4.557845 3.0514246
OS 4.5604694 3.0588604
OS 4.5626564 3.0662962
OS 4.5648434 3.0728572
OS 4.566593 3.078106
OS 4.5674678 3.080293
OS 4.5679052 3.0816052
OS 4.5683426 3.08248
OS 4.5683426 3.0829174
OS 4.6400761 3.2976808
OS 4.6999999 3.2976808
OS 4.7 2.995
OS 4.6615088 2.995
OS 4.6615088 3.2526286
OS 4.5740288 2.995
OS 4.538162 2.995
OS 4.4498072 3.2482546
OS 4.4498072 2.995
OS 4.411316 2.9949999
OE
OB 3.5391404 3.2618138 I
OS 3.5391403 3.2976806
OS 3.7582777 3.2976806
OS 3.7582778 2.9949998
OS 3.532142 2.9949998
OS 3.532142 3.0308666
OS 3.718037 3.0308666
OS 3.718037 3.1336556
OS 3.5505128 3.1336556
OS 3.5505128 3.1695224
OS 3.718037 3.1695224
OS 3.718037 3.2618138
OS 3.5391404 3.2618138
OE
OB 3.9397987 3.2972433 I
OS 3.9476719 3.2976807
OS 4.0640203 3.2976807
OS 4.0640204 2.9949999
OS 3.9551078 2.9949999
OS 3.9450476 2.9954373
OS 3.9358622 2.9958747
OS 3.9275516 2.9967495
OS 3.9205532 2.9976243
OS 3.9144296 2.9984991
OS 3.9100556 2.9989365
OS 3.9087434 2.9993739
OS 3.9074312 2.9998113
OS 3.9065564 2.9998113
OS 3.8986832 3.0019983
OS 3.8916848 3.0046227
OS 3.8855612 3.0068097
OS 3.8803124 3.0094341
OS 3.8759384 3.0116211
OS 3.8728766 3.0133707
OS 3.871127 3.0146829
OS 3.8702522 3.0151203
OS 3.864566 3.0190569
OS 3.8597546 3.0238683
OS 3.8549432 3.0282423
OS 3.8510066 3.0326163
OS 3.8475074 3.0365529
OS 3.844883 3.0396147
OS 3.8431334 3.0418017
OS 3.842696 3.0426765
OS 3.838322 3.0496748
OS 3.833948 3.0571106
OS 3.8304488 3.064109
OS 3.8278244 3.0711074
OS 3.8252 3.077231
OS 3.8234504 3.0820424
OS 3.823013 3.083792
OS 3.8225756 3.0851042
OS 3.8221382 3.085979
OS 3.8221382 3.0864164
OS 3.8195138 3.096914
OS 3.8173268 3.1074116
OS 3.8160146 3.1174718
OS 3.8147024 3.1270946
OS 3.814265 3.1354052
OS 3.814265 3.1389044
OS 3.8138276 3.1419662
OS 3.8138276 3.1441532
OS 3.8138276 3.1463402
OS 3.8138276 3.147215
OS 3.8138276 3.1476524
OS 3.814265 3.162524
OS 3.8155772 3.1760834
OS 3.8177642 3.1883306
OS 3.818639 3.1940168
OS 3.8199512 3.1988282
OS 3.8212634 3.2036396
OS 3.8221382 3.2075762
OS 3.823013 3.2110754
OS 3.8243252 3.2141372
OS 3.8247626 3.2167616
OS 3.8256374 3.2185112
OS 3.8260748 3.219386
OS 3.8260748 3.2198234
OS 3.8308862 3.2311958
OS 3.8365724 3.241256
OS 3.842696 3.2500041
OS 3.8483822 3.2574399
OS 3.853631 3.2635635
OS 3.858005 3.2679375
OS 3.8597546 3.2692497
OS 3.8610668 3.2705619
OS 3.8615042 3.2709993
OS 3.8619416 3.2714367
OS 3.86894 3.2771229
OS 3.8763757 3.2814969
OS 3.8838115 3.2854335
OS 3.8908099 3.2884953
OS 3.8969335 3.2906823
OS 3.9017449 3.2919945
OS 3.9034945 3.2928693
OS 3.9048067 3.2928693
OS 3.9056815 3.2933067
OS 3.9061189 3.2933067
OS 3.9135547 3.2946189
OS 3.9223027 3.2959311
OS 3.9310507 3.2968059
OS 3.9397987 3.2972433
OE
OB 1.5192271 3.2972428 I
OS 1.5271003 3.2976802
OS 1.6434487 3.2976803
OS 1.6434488 2.9949995
OS 1.5345362 2.9949994
OS 1.524476 2.9954368
OS 1.5152906 2.9958742
OS 1.50698 2.996749
OS 1.4999816 2.9976238
OS 1.493858 2.9984986
OS 1.489484 2.998936
OS 1.4881718 2.9993734
OS 1.4868596 2.9998108
OS 1.4859848 2.9998108
OS 1.4781116 3.0019978
OS 1.4711132 3.0046222
OS 1.4649896 3.0068092
OS 1.4597408 3.0094336
OS 1.4553668 3.0116206
OS 1.452305 3.0133702
OS 1.4505554 3.0146824
OS 1.4496806 3.0151198
OS 1.4439944 3.0190564
OS 1.439183 3.0238678
OS 1.4343716 3.0282418
OS 1.430435 3.0326158
OS 1.4269358 3.0365524
OS 1.4243114 3.0396142
OS 1.4225618 3.0418012
OS 1.4221244 3.042676
OS 1.4177504 3.0496744
OS 1.4133764 3.0571102
OS 1.4098772 3.0641086
OS 1.4072528 3.071107
OS 1.4046284 3.0772306
OS 1.4028788 3.082042
OS 1.4024414 3.0837916
OS 1.402004 3.0851038
OS 1.4015666 3.0859786
OS 1.4015666 3.086416
OS 1.3989422 3.0969136
OS 1.3967552 3.1074112
OS 1.395443 3.1174714
OS 1.3941308 3.1270942
OS 1.3936934 3.1354048
OS 1.3936934 3.138904
OS 1.393256 3.1419658
OS 1.393256 3.1441528
OS 1.393256 3.1463398
OS 1.393256 3.1472146
OS 1.393256 3.147652
OS 1.3936934 3.1625236
OS 1.3950056 3.176083
OS 1.3971926 3.1883302
OS 1.3980674 3.1940164
OS 1.3993796 3.1988278
OS 1.4006918 3.2036392
OS 1.4015666 3.2075758
OS 1.4024414 3.211075
OS 1.4037536 3.2141368
OS 1.404191 3.2167612
OS 1.4050658 3.2185108
OS 1.4055032 3.2193856
OS 1.4055032 3.219823
OS 1.4103146 3.2311954
OS 1.4160008 3.2412556
OS 1.4221244 3.2500036
OS 1.4278106 3.2574394
OS 1.4330594 3.263563
OS 1.4374334 3.267937
OS 1.439183 3.2692492
OS 1.4404952 3.2705614
OS 1.4409326 3.2709988
OS 1.44137 3.2714362
OS 1.4483684 3.2771224
OS 1.4558041 3.2814964
OS 1.4632399 3.285433
OS 1.4702383 3.2884948
OS 1.4763619 3.2906818
OS 1.4811733 3.291994
OS 1.4829229 3.2928688
OS 1.4842351 3.2928688
OS 1.4851099 3.2933062
OS 1.4855473 3.2933062
OS 1.4929831 3.2946184
OS 1.5017311 3.2959306
OS 1.5104791 3.2968054
OS 1.5192271 3.2972428
OE
OB 1.0883882 2.9949994 I
OS 1.2121723 3.2976802
OS 1.2559123 3.2976802
OS 1.371386 2.9949994
OS 1.3289582 2.9949994
OS 1.2961532 3.0868534
OS 1.1693072 3.0868534
OS 1.1338778 2.9949994
OS 1.0883882 2.9949994
OE
OB 1.6758164 2.9949995 I
OS 1.7996005 3.2976803
OS 1.8433405 3.2976803
OS 1.9588142 2.9949995
OS 1.9163864 2.9949995
OS 1.8835814 3.0868535
OS 1.7567354 3.0868535
OS 1.721306 2.9949995
OS 1.6758164 2.9949995
OE
OB 1.9929314 2.9949995 I
OS 1.9929313 3.2976803
OS 2.0314225 3.2976803
OS 2.0314226 3.0597347
OS 2.1901987 3.2976804
OS 2.2313143 3.2976804
OS 2.2313144 2.9949996
OS 2.1928232 2.9949996
OS 2.1928232 3.2325078
OS 2.0344844 2.9949995
OS 1.9929314 2.9949995
OE
OB 4.242917 3.2661879 H
OS 4.2398552 3.2561277
OS 4.236356 3.2456301
OS 4.2328568 3.2351325
OS 4.2293576 3.2250723
OS 4.227608 3.2206983
OS 4.2262958 3.2163243
OS 4.2249836 3.2123877
OS 4.2236714 3.2093259
OS 4.2227966 3.2067015
OS 4.2219218 3.2045145
OS 4.2214844 3.2032023
OS 4.2214844 3.2027649
OS 4.1899916 3.1196589
OS 4.2923432 3.1196589
OS 4.2595382 3.2080137
OS 4.2556016 3.2189487
OS 4.2525398 3.2294463
OS 4.249478 3.2390691
OS 4.247291 3.2478171
OS 4.2455414 3.2552529
OS 4.2446666 3.2583147
OS 4.2442292 3.2613765
OS 4.2433544 3.2631261
OS 4.2433544 3.2648757
OS 4.242917 3.2657505
OS 4.242917 3.2661879
OE
OB 2.4097736 3.2661876 H
OS 2.4067118 3.2561274
OS 2.4032126 3.2456298
OS 2.3997134 3.2351322
OS 2.3962142 3.225072
OS 2.3944646 3.220698
OS 2.3931524 3.216324
OS 2.3918402 3.2123874
OS 2.390528 3.2093256
OS 2.3896532 3.2067012
OS 2.3887784 3.2045142
OS 2.388341 3.203202
OS 2.388341 3.2027646
OS 2.3568482 3.1196586
OS 2.4591998 3.1196586
OS 2.4263948 3.2080134
OS 2.4224582 3.2189484
OS 2.4193964 3.229446
OS 2.4163346 3.2390688
OS 2.4141476 3.2478168
OS 2.412398 3.2552526
OS 2.4115232 3.2583144
OS 2.4110858 3.2613762
OS 2.410211 3.2631258
OS 2.410211 3.2648754
OS 2.4097736 3.2657502
OS 2.4097736 3.2661876
OE
OB 1.2349172 3.2661874 H
OS 1.2318554 3.2561272
OS 1.2283562 3.2456296
OS 1.224857 3.235132
OS 1.2213578 3.2250718
OS 1.2196082 3.2206978
OS 1.218296 3.2163238
OS 1.2169838 3.2123872
OS 1.2156716 3.2093254
OS 1.2147968 3.206701
OS 1.213922 3.204514
OS 1.2134846 3.2032018
OS 1.2134846 3.2027644
OS 1.1819918 3.1196584
OS 1.2843434 3.1196584
OS 1.2515384 3.2080132
OS 1.2476018 3.2189482
OS 1.24454 3.2294458
OS 1.2414782 3.2390686
OS 1.2392912 3.2478166
OS 1.2375416 3.2552524
OS 1.2366668 3.2583142
OS 1.2362294 3.261376
OS 1.2353546 3.2631256
OS 1.2353546 3.2648752
OS 1.2349172 3.26575
OS 1.2349172 3.2661874
OE
OB 1.8223454 3.2661875 H
OS 1.8192836 3.2561273
OS 1.8157844 3.2456297
OS 1.8122852 3.2351321
OS 1.808786 3.2250719
OS 1.8070364 3.2206979
OS 1.8057242 3.2163239
OS 1.804412 3.2123873
OS 1.8030998 3.2093255
OS 1.802225 3.2067011
OS 1.8013502 3.2045141
OS 1.8009128 3.2032019
OS 1.8009128 3.2027645
OS 1.76942 3.1196585
OS 1.8717716 3.1196585
OS 1.8389666 3.2080133
OS 1.83503 3.2189483
OS 1.8319682 3.2294459
OS 1.8289064 3.2390687
OS 1.8267194 3.2478167
OS 1.8249698 3.2552525
OS 1.824095 3.2583143
OS 1.8236576 3.2613761
OS 1.8227828 3.2631257
OS 1.8227828 3.2648753
OS 1.8223454 3.2657501
OS 1.8223454 3.2661875
OE
OB 3.9537956 3.2618139 H
OS 3.9481094 3.2613765
OS 3.9424232 3.2613765
OS 3.9371744 3.2609391
OS 3.9284264 3.2596269
OS 3.921428 3.2587521
OS 3.9157418 3.2574399
OS 3.9118052 3.2561277
OS 3.9096182 3.2556903
OS 3.9087434 3.2552529
OS 3.9008702 3.2513163
OS 3.8934344 3.2465049
OS 3.8868734 3.2408187
OS 3.8811872 3.2351325
OS 3.8768132 3.2298837
OS 3.873314 3.2255097
OS 3.8724392 3.2237601
OS 3.8715644 3.2224479
OS 3.8706896 3.2215731
OS 3.8706896 3.2211357
OS 3.8680652 3.2163243
OS 3.8654408 3.2106381
OS 3.8615042 3.1992657
OS 3.8588798 3.1870185
OS 3.8566928 3.1752087
OS 3.8562554 3.1699599
OS 3.855818 3.1647111
OS 3.8553806 3.1603371
OS 3.8553806 3.1564005
OS 3.8549432 3.1529013
OS 3.8549432 3.1507143
OS 3.8549432 3.1489647
OS 3.8549432 3.1485273
OS 3.8553806 3.1362801
OS 3.8562554 3.1249077
OS 3.8575676 3.1148475
OS 3.8588798 3.1060995
OS 3.8597546 3.1026003
OS 3.8606294 3.0995385
OS 3.8615042 3.0964767
OS 3.8619416 3.0942897
OS 3.862379 3.0925401
OS 3.8628164 3.0912279
OS 3.8632538 3.0903531
OS 3.8632538 3.0899157
OS 3.8663156 3.0816051
OS 3.8698148 3.0741693
OS 3.8737514 3.0676083
OS 3.8772506 3.0619221
OS 3.8803124 3.0575481
OS 3.8829368 3.0544863
OS 3.8846864 3.0527367
OS 3.8851238 3.0518619
OS 3.8894978 3.0483627
OS 3.8938718 3.0453009
OS 3.8982458 3.0426765
OS 3.9026198 3.0400521
OS 3.9065564 3.0383025
OS 3.9096182 3.0369903
OS 3.9118052 3.0365529
OS 3.91268 3.0361155
OS 3.919241 3.0343659
OS 3.9271142 3.0330537
OS 3.9349874 3.0321789
OS 3.9424232 3.0317415
OS 3.9489842 3.0313041
OS 3.952046 3.0308667
OS 4.0237796 3.0308667
OS 4.0237796 3.2618139
OS 3.9537956 3.2618139
OE
OB 1.533224 3.2618134 H
OS 1.5275378 3.261376
OS 1.5218516 3.261376
OS 1.5166028 3.2609386
OS 1.5078548 3.2596264
OS 1.5008564 3.2587516
OS 1.4951702 3.2574394
OS 1.4912336 3.2561272
OS 1.4890466 3.2556898
OS 1.4881718 3.2552524
OS 1.4802986 3.2513158
OS 1.4728628 3.2465044
OS 1.4663018 3.2408182
OS 1.4606156 3.235132
OS 1.4562416 3.2298832
OS 1.4527424 3.2255092
OS 1.4518676 3.2237596
OS 1.4509928 3.2224474
OS 1.450118 3.2215726
OS 1.450118 3.2211352
OS 1.4474936 3.2163238
OS 1.4448692 3.2106376
OS 1.4409326 3.1992652
OS 1.4383082 3.187018
OS 1.4361212 3.1752082
OS 1.4356838 3.1699594
OS 1.4352464 3.1647106
OS 1.434809 3.1603366
OS 1.434809 3.1564
OS 1.4343716 3.1529008
OS 1.4343716 3.1507138
OS 1.4343716 3.1489642
OS 1.4343716 3.1485268
OS 1.434809 3.1362796
OS 1.4356838 3.1249072
OS 1.436996 3.114847
OS 1.4383082 3.106099
OS 1.439183 3.1025998
OS 1.4400578 3.099538
OS 1.4409326 3.0964762
OS 1.44137 3.0942892
OS 1.4418074 3.0925396
OS 1.4422448 3.0912274
OS 1.4426822 3.0903526
OS 1.4426822 3.0899152
OS 1.445744 3.0816046
OS 1.4492432 3.0741688
OS 1.4531798 3.0676078
OS 1.456679 3.0619216
OS 1.4597408 3.0575476
OS 1.4623652 3.0544858
OS 1.4641148 3.0527362
OS 1.4645522 3.0518614
OS 1.4689262 3.0483622
OS 1.4733002 3.0453004
OS 1.4776742 3.042676
OS 1.4820482 3.0400516
OS 1.4859848 3.038302
OS 1.4890466 3.0369898
OS 1.4912336 3.0365524
OS 1.4921084 3.036115
OS 1.4986694 3.0343654
OS 1.5065426 3.0330532
OS 1.5144158 3.0321784
OS 1.5218516 3.031741
OS 1.5284126 3.0313036
OS 1.5314744 3.0308662
OS 1.603208 3.0308663
OS 1.603208 3.2618135
OS 1.533224 3.2618134
OE
SE
S P 0
OB 7.917997 8.0620628 I
OS 7.917997 8.0979296
OS 8.1371344 8.0979296
OS 8.1371344 7.7952488
OS 7.9109986 7.7952488
OS 7.9109986 7.8311156
OS 8.0968936 7.8311156
OS 8.0968936 7.9339046
OS 7.9293694 7.9339046
OS 7.9293694 7.9697714
OS 8.0968936 7.9697714
OS 8.0968936 8.0620628
OS 7.917997 8.0620628
OE
OB 7.6170658 7.9229696 I
OS 7.6170658 8.0979296
OS 7.6573066 8.0979296
OS 7.6573066 7.9229696
OS 7.6573066 7.9129094
OS 7.6581814 7.9032866
OS 7.6590562 7.894976
OS 7.6603684 7.8871028
OS 7.6616806 7.8801044
OS 7.6634302 7.8735434
OS 7.6647424 7.8678572
OS 7.666492 7.8630458
OS 7.6682416 7.8591092
OS 7.6699912 7.8551726
OS 7.6717408 7.8525482
OS 7.673053 7.8499238
OS 7.6743652 7.8481742
OS 7.67524 7.846862
OS 7.6756774 7.8464246
OS 7.6761148 7.8459872
OS 7.6800514 7.842488
OS 7.6844254 7.8394262
OS 7.6940482 7.8346148
OS 7.7041084 7.8311156
OS 7.714606 7.8289286
OS 7.7242288 7.827179
OS 7.7281654 7.8267416
OS 7.732102 7.8267416
OS 7.7347264 7.8263042
OS 7.7391004 7.8263042
OS 7.7482858 7.8267416
OS 7.7565964 7.8280538
OS 7.7644696 7.829366
OS 7.7705932 7.831553
OS 7.775842 7.8333026
OS 7.7797786 7.8346148
OS 7.7819656 7.835927
OS 7.7828404 7.8363644
OS 7.788964 7.840301
OS 7.7942128 7.8451124
OS 7.7985868 7.8499238
OS 7.8016486 7.8542978
OS 7.804273 7.8586718
OS 7.80646 7.8617336
OS 7.8073348 7.8639206
OS 7.8077722 7.8647954
OS 7.8090844 7.868732
OS 7.8099592 7.8726686
OS 7.8117088 7.881854
OS 7.813021 7.8914768
OS 7.8138958 7.9010996
OS 7.8143332 7.9094102
OS 7.8143332 7.9133468
OS 7.8147706 7.9164086
OS 7.8147706 7.919033
OS 7.8147706 7.92122
OS 7.8147706 7.9225322
OS 7.8147706 7.9229696
OS 7.8147706 8.0979296
OS 7.8550114 8.0979296
OS 7.8550114 7.9229696
OS 7.8550114 7.9142216
OS 7.854574 7.905911
OS 7.8541366 7.8980378
OS 7.8532618 7.890602
OS 7.852387 7.884041
OS 7.8515122 7.8779174
OS 7.8502 7.8722312
OS 7.8493252 7.8669824
OS 7.8484504 7.862171
OS 7.8471382 7.8582344
OS 7.8462634 7.8547352
OS 7.8453886 7.8521108
OS 7.8445138 7.8499238
OS 7.8440764 7.8481742
OS 7.843639 7.8472994
OS 7.843639 7.846862
OS 7.8388276 7.8372392
OS 7.832704 7.8284912
OS 7.8265804 7.8214928
OS 7.8200194 7.8153692
OS 7.8143332 7.8105578
OS 7.8095218 7.8070586
OS 7.8077722 7.8061838
OS 7.80646 7.805309
OS 7.8055852 7.8044342
OS 7.8051478 7.8044342
OS 7.7942128 7.7996228
OS 7.7828404 7.7961236
OS 7.7710306 7.7934992
OS 7.7600956 7.7917496
OS 7.7552842 7.7913122
OS 7.7504728 7.7908748
OS 7.7460988 7.7904374
OS 7.7425996 7.7904374
OS 7.7395378 7.79
OS 7.7356012 7.79
OS 7.7198548 7.7908748
OS 7.7128564 7.7917496
OS 7.7062954 7.7926244
OS 7.6997344 7.7939366
OS 7.6940482 7.7952488
OS 7.6887994 7.796561
OS 7.683988 7.7983106
OS 7.679614 7.8000602
OS 7.6761148 7.8013724
OS 7.6726156 7.8026846
OS 7.6699912 7.8039968
OS 7.6678042 7.805309
OS 7.666492 7.8057464
OS 7.6656172 7.8066212
OS 7.6651798 7.8066212
OS 7.655557 7.8131822
OS 7.6476838 7.820618
OS 7.6415602 7.8276164
OS 7.6363114 7.8346148
OS 7.6323748 7.8407384
OS 7.6297504 7.8455498
OS 7.6288756 7.8472994
OS 7.6280008 7.8486116
OS 7.6275634 7.8494864
OS 7.6275634 7.8499238
OS 7.6258138 7.8551726
OS 7.6240642 7.8608588
OS 7.6214398 7.8726686
OS 7.6196902 7.8849158
OS 7.618378 7.8967256
OS 7.6179406 7.9019744
OS 7.6175032 7.9072232
OS 7.6175032 7.9115972
OS 7.6170658 7.9155338
OS 7.6170658 7.9185956
OS 7.6170658 7.9207826
OS 7.6170658 7.9225322
OS 7.6170658 7.9229696
OE
OB 8.5942174 8.0974922 I
OS 8.6007784 8.0979296
OS 8.725 8.0979296
OS 8.725 7.7952488
OS 8.6847592 7.7952488
OS 8.6847592 7.9181582
OS 8.6073394 7.9181582
OS 8.595967 7.9185956
OS 8.585032 7.9194704
OS 8.5754092 7.9207826
OS 8.5666612 7.9225322
OS 8.5583506 7.9242818
OS 8.5513522 7.9264688
OS 8.5447912 7.9290932
OS 8.539105 7.9317176
OS 8.5342936 7.9339046
OS 8.5299196 7.936529
OS 8.5264204 7.938716
OS 8.523796 7.940903
OS 8.521609 7.9422152
OS 8.5202968 7.9435274
OS 8.519422 7.9444022
OS 8.5189846 7.9448396
OS 8.5146106 7.9500884
OS 8.510674 7.9553372
OS 8.5076122 7.960586
OS 8.5045504 7.9662722
OS 8.501926 7.9719584
OS 8.5001764 7.9772072
OS 8.4971146 7.9872674
OS 8.4962398 7.9920788
OS 8.495365 7.9964528
OS 8.4949276 8.0003894
OS 8.4944902 8.0034512
OS 8.4940528 8.006513
OS 8.4940528 8.0082626
OS 8.4940528 8.0095748
OS 8.4940528 8.0100122
OS 8.4944902 8.0183228
OS 8.495365 8.026196
OS 8.4971146 8.0331944
OS 8.4984268 8.039318
OS 8.5001764 8.0445668
OS 8.501926 8.0485034
OS 8.5028008 8.0506904
OS 8.5032382 8.0515652
OS 8.5067374 8.0581262
OS 8.5111114 8.0638124
OS 8.515048 8.0690612
OS 8.5189846 8.0729978
OS 8.5224838 8.0760596
OS 8.5251082 8.078684
OS 8.5268578 8.0799962
OS 8.5277326 8.0804336
OS 8.5334188 8.0839328
OS 8.5399798 8.0869946
OS 8.5461034 8.089619
OS 8.5517896 8.091806
OS 8.5570384 8.0931182
OS 8.560975 8.093993
OS 8.5640368 8.0948678
OS 8.5649116 8.0948678
OS 8.5714726 8.0957426
OS 8.5789084 8.0966174
OS 8.5867816 8.0970548
OS 8.5942174 8.0974922
OE
OB 8.2049314 7.7952488 I
OS 8.2049314 8.0979296
OS 8.2434226 8.0979296
OS 8.2434226 7.859984
OS 8.4021988 8.0979296
OS 8.4433144 8.0979296
OS 8.4433144 7.7952488
OS 8.4048232 7.7952488
OS 8.4048232 8.032757
OS 8.2464844 7.7952488
OS 8.2049314 7.7952488
OE
OB 7.2627718 7.7952488 I
OS 7.2627718 8.0979296
OS 7.316572 8.0979296
OS 7.3891804 7.8871028
OS 7.393117 7.8757304
OS 7.3961788 7.8661076
OS 7.3992406 7.857797
OS 7.4014276 7.8507986
OS 7.4031772 7.8455498
OS 7.4044894 7.8416132
OS 7.4049268 7.8394262
OS 7.4053642 7.8385514
OS 7.4071138 7.844675
OS 7.4093008 7.8516734
OS 7.4119252 7.8591092
OS 7.4141122 7.866545
OS 7.4162992 7.873106
OS 7.4180488 7.8783548
OS 7.4189236 7.8805418
OS 7.419361 7.881854
OS 7.4197984 7.8827288
OS 7.4197984 7.8831662
OS 7.491532 8.0979296
OS 7.5514558 8.0979296
OS 7.5514558 7.7952488
OS 7.5129646 7.7952488
OS 7.5129646 8.0528774
OS 7.4254846 7.7952488
OS 7.3896178 7.7952488
OS 7.301263 8.0485034
OS 7.301263 7.7952488
OS 7.2627718 7.7952488
OE
OB 6.3954076 7.7952488 I
OS 6.3954076 8.0979296
OS 6.4338988 8.0979296
OS 6.4338988 7.859984
OS 6.592675 8.0979296
OS 6.6337906 8.0979296
OS 6.6337906 7.7952488
OS 6.5952994 7.7952488
OS 6.5952994 8.032757
OS 6.4369606 7.7952488
OS 6.3954076 7.7952488
OE
OB 6.1110976 8.0620628 I
OS 6.1110976 8.0979296
OS 6.3507928 8.0979296
OS 6.3507928 8.0620628
OS 6.2510656 8.0620628
OS 6.2510656 7.7952488
OS 6.2108248 7.7952488
OS 6.2108248 8.0620628
OS 6.1110976 8.0620628
OE
OB 7.0698784 7.7952488 I
OS 6.9517804 8.0979296
OS 6.9924586 8.0979296
OS 7.0746898 7.8779174
OS 7.078189 7.868732
OS 7.0812508 7.859984
OS 7.0838752 7.8516734
OS 7.0860622 7.8442376
OS 7.0882492 7.8376766
OS 7.0895614 7.8328652
OS 7.0899988 7.8311156
OS 7.0904362 7.8298034
OS 7.0908736 7.8289286
OS 7.0908736 7.8284912
OS 7.0961224 7.8459872
OS 7.0987468 7.8542978
OS 7.1013712 7.8617336
OS 7.1035582 7.8682946
OS 7.104433 7.870919
OS 7.1048704 7.8735434
OS 7.1057452 7.875293
OS 7.1061826 7.8766052
OS 7.10662 7.87748
OS 7.10662 7.8779174
OS 7.185352 8.0979296
OS 7.229092 8.0979296
OS 7.1118688 7.7952488
OS 7.0698784 7.7952488
OE
OB 6.6959014 8.0620628 I
OS 6.6959014 8.0979296
OS 6.9150388 8.0979296
OS 6.9150388 7.7952488
OS 6.688903 7.7952488
OS 6.688903 7.8311156
OS 6.874798 7.8311156
OS 6.874798 7.9339046
OS 6.7072738 7.9339046
OS 6.7072738 7.9697714
OS 6.874798 7.9697714
OS 6.874798 8.0620628
OS 6.6959014 8.0620628
OE
OB 8.598154 8.0620628 H
OS 8.5902808 8.0616254
OS 8.5837198 8.061188
OS 8.578471 8.0607506
OS 8.5749718 8.0598758
OS 8.5723474 8.0594384
OS 8.5705978 8.059001
OS 8.5701604 8.059001
OS 8.5644742 8.056814
OS 8.5596628 8.0541896
OS 8.5552888 8.0515652
OS 8.5513522 8.0485034
OS 8.5487278 8.0454416
OS 8.5465408 8.0432546
OS 8.5452286 8.041505
OS 8.5447912 8.0410676
OS 8.5417294 8.0358188
OS 8.539105 8.03057
OS 8.5373554 8.0248838
OS 8.5364806 8.0200724
OS 8.5356058 8.0156984
OS 8.5351684 8.0117618
OS 8.5351684 8.0095748
OS 8.5351684 8.0091374
OS 8.5351684 8.0087
OS 8.5360432 7.9995146
OS 8.5377928 7.9916414
OS 8.5404172 7.984643
OS 8.543479 7.9789568
OS 8.5465408 7.9745828
OS 8.5491652 7.9710836
OS 8.5509148 7.969334
OS 8.5517896 7.9684592
OS 8.5548514 7.9658348
OS 8.558788 7.9636478
OS 8.5670986 7.9601486
OS 8.576284 7.9575242
OS 8.5854694 7.9557746
OS 8.59378 7.9548998
OS 8.5972792 7.9544624
OS 8.600341 7.9544624
OS 8.6034028 7.954025
OS 8.6847592 7.954025
OS 8.6847592 8.0620628
OS 8.598154 8.0620628
OE
SE
